0.003989 0.002566 0.043988 0.025053 0.021185 0.890420 0.000725 0.007189 0.003195 0.001688
0.010860 0.044814 0.008245 0.195672 0.050044 0.471060 0.034150 0.011714 0.044554 0.128886
0.001323 0.000342 0.000762 0.013940 0.000647 0.001722 0.000813 0.947788 0.016768 0.015894
0.003075 0.223350 0.023537 0.722497 0.007141 0.004654 0.008957 0.002763 0.002362 0.001665
0.004520 0.005573 0.029862 0.190216 0.101766 0.272620 0.006578 0.372786 0.013994 0.002087
0.001680 0.010324 0.003959 0.968098 0.005173 0.004569 0.001030 0.002409 0.000879 0.001878
0.001676 0.002161 0.005597 0.011254 0.005142 0.010170 0.004914 0.134236 0.797894 0.026956
0.000414 0.001427 0.004117 0.986672 0.001375 0.001889 0.000700 0.002268 0.000424 0.000714
0.000923 0.009193 0.003137 0.959362 0.008424 0.002463 0.008513 0.004927 0.001752 0.001307
0.003606 0.027428 0.004338 0.004526 0.912378 0.032233 0.007867 0.001098 0.004661 0.001867
0.001186 0.009836 0.141819 0.335581 0.001996 0.008326 0.002940 0.005214 0.003152 0.489951
0.004200 0.851711 0.043566 0.009687 0.012819 0.019844 0.026219 0.002596 0.004283 0.025076
0.002300 0.068503 0.002183 0.429089 0.016989 0.008755 0.443429 0.005590 0.008306 0.014856
0.000876 0.007789 0.004481 0.974131 0.002448 0.003480 0.003370 0.001133 0.000774 0.001518
0.007691 0.007955 0.823310 0.021055 0.008646 0.019416 0.048312 0.007223 0.003673 0.052719
0.002410 0.036591 0.017398 0.044319 0.011687 0.019486 0.811656 0.001597 0.004707 0.050149
0.008572 0.009054 0.004136 0.809140 0.048690 0.067166 0.013126 0.025835 0.011125 0.003156
0.915276 0.014941 0.007334 0.004010 0.009229 0.021443 0.004048 0.011826 0.003357 0.008535
0.008648 0.000751 0.001519 0.001630 0.001082 0.001228 0.000679 0.970611 0.009988 0.003863
0.001133 0.000483 0.000785 0.001155 0.001407 0.002827 0.000437 0.983199 0.003547 0.005026
0.006877 0.537259 0.007306 0.018879 0.021527 0.020552 0.327713 0.000615 0.007684 0.051587
0.007138 0.020769 0.009654 0.581829 0.227436 0.094400 0.004101 0.037078 0.015212 0.002382
0.003997 0.076555 0.010193 0.071994 0.003874 0.001187 0.822936 0.003199 0.002514 0.003552
0.003338 0.002612 0.002598 0.020252 0.128851 0.789010 0.002335 0.033336 0.016128 0.001538
0.004179 0.203052 0.028902 0.005818 0.006415 0.005377 0.718475 0.003621 0.005322 0.018839
0.040095 0.225783 0.586879 0.031768 0.009298 0.005319 0.060354 0.002783 0.007340 0.030380
0.004452 0.001132 0.002773 0.004988 0.098765 0.131335 0.004683 0.743217 0.007596 0.001059
0.001082 0.000181 0.000293 0.003089 0.000674 0.000926 0.000598 0.986033 0.004267 0.002857
0.002795 0.000598 0.001648 0.042192 0.002586 0.004483 0.000491 0.918740 0.017623 0.008844
0.012890 0.863445 0.017473 0.038318 0.031524 0.019415 0.008362 0.001619 0.005175 0.001779
0.022257 0.004347 0.187601 0.008851 0.007890 0.020834 0.003829 0.305251 0.065810 0.373330
0.008300 0.002786 0.015043 0.012472 0.022281 0.924544 0.001738 0.003896 0.002495 0.006445
0.001755 0.131810 0.006103 0.081603 0.012016 0.002452 0.758384 0.001631 0.002753 0.001494
0.004019 0.017655 0.353242 0.121414 0.321840 0.088545 0.022995 0.005041 0.025690 0.039558
0.000963 0.050473 0.010923 0.905762 0.004091 0.002246 0.006071 0.001480 0.001395 0.016596
0.003785 0.002364 0.143702 0.007516 0.105693 0.609528 0.002054 0.069123 0.038600 0.017636
0.010317 0.058963 0.007569 0.124826 0.577496 0.117657 0.085815 0.007906 0.008452 0.000999
0.008650 0.093956 0.005593 0.812335 0.043641 0.007167 0.012506 0.010933 0.004387 0.000830
0.008205 0.693789 0.062596 0.075977 0.107492 0.010030 0.029493 0.003606 0.006709 0.002104
0.001837 0.009423 0.006131 0.791665 0.067429 0.104407 0.009282 0.004103 0.003792 0.001931
0.000300 0.015349 0.009309 0.957036 0.002318 0.001475 0.004233 0.002928 0.001108 0.005945
0.003164 0.009277 0.004316 0.601707 0.076723 0.263458 0.020309 0.010114 0.005219 0.005712
0.001550 0.005327 0.002785 0.006629 0.008807 0.026801 0.002562 0.023290 0.898687 0.023564
0.001817 0.016359 0.006221 0.934646 0.008044 0.001651 0.002140 0.015035 0.005056 0.009031
0.002789 0.956818 0.013805 0.007420 0.006039 0.003451 0.001755 0.000956 0.004049 0.002919
0.001609 0.002316 0.002357 0.011209 0.052304 0.913552 0.001095 0.007484 0.006581 0.001493
0.000922 0.002046 0.018556 0.949416 0.006235 0.012496 0.005597 0.002972 0.000778 0.000983
0.006695 0.007399 0.116179 0.341506 0.004367 0.012013 0.008420 0.241640 0.020831 0.240950
0.054479 0.053608 0.518512 0.325344 0.017094 0.006905 0.004369 0.007136 0.005455 0.007098
0.010509 0.106332 0.037074 0.564875 0.099757 0.138538 0.011774 0.022047 0.007205 0.001890
0.004675 0.006246 0.707896 0.015448 0.003064 0.009227 0.002765 0.002165 0.004261 0.244253
0.001043 0.000236 0.000777 0.001606 0.000657 0.000892 0.000822 0.989211 0.002544 0.002213
0.000768 0.011051 0.017511 0.043391 0.000696 0.001587 0.006191 0.001355 0.002323 0.915127
0.001813 0.006948 0.002893 0.006407 0.001844 0.000657 0.975452 0.001264 0.001663 0.001058
0.002925 0.004935 0.002644 0.006550 0.018805 0.548053 0.005080 0.082338 0.269360 0.059310
0.000809 0.009225 0.000958 0.002788 0.001152 0.001060 0.974541 0.001156 0.001683 0.006629
0.005232 0.014881 0.030089 0.202360 0.250010 0.436589 0.009531 0.037834 0.012337 0.001137
0.002238 0.006511 0.294360 0.028412 0.007387 0.051762 0.006481 0.290486 0.211219 0.101144
0.871535 0.046622 0.005474 0.010563 0.004456 0.004628 0.035868 0.012444 0.001342 0.007067
0.005559 0.008834 0.012292 0.053407 0.399127 0.490803 0.005156 0.011799 0.011779 0.001246
0.003989 0.012817 0.086216 0.108205 0.009113 0.027068 0.007323 0.190699 0.100096 0.454473
0.806274 0.041251 0.004800 0.003785 0.004839 0.035491 0.005893 0.006147 0.004045 0.087474
0.004280 0.003109 0.004144 0.005504 0.003349 0.009966 0.002987 0.045599 0.821707 0.099356
0.001609 0.005756 0.002354 0.958844 0.012429 0.006105 0.003191 0.005841 0.003027 0.000844
0.002873 0.034600 0.128792 0.615510 0.019778 0.158672 0.006191 0.001493 0.002678 0.029412
0.013511 0.733401 0.019216 0.074002 0.032858 0.010299 0.109818 0.002332 0.002344 0.002220
0.006155 0.204002 0.323022 0.211567 0.007046 0.008071 0.039328 0.017398 0.011539 0.171872
0.011416 0.002506 0.019627 0.038410 0.003455 0.051722 0.003353 0.636244 0.005609 0.227658
0.002073 0.004759 0.001632 0.952976 0.002078 0.001642 0.005006 0.026506 0.002575 0.000753
0.001666 0.066773 0.002954 0.052897 0.002059 0.001759 0.848698 0.001786 0.001580 0.019829
0.003296 0.007958 0.749485 0.056168 0.006209 0.058165 0.016389 0.002211 0.003810 0.096310
0.010859 0.003842 0.003265 0.063025 0.518552 0.367479 0.006661 0.015422 0.005955 0.004941
0.004096 0.003188 0.007137 0.007738 0.003221 0.011897 0.011286 0.286530 0.006692 0.658215
0.019448 0.123763 0.010350 0.451603 0.013337 0.027965 0.054656 0.043359 0.031049 0.224469
0.001493 0.020737 0.000667 0.056472 0.002529 0.003165 0.909227 0.002408 0.001460 0.001842
0.001916 0.034390 0.042938 0.859057 0.006998 0.014958 0.017579 0.001261 0.001079 0.019823
0.034472 0.162124 0.065865 0.056934 0.007148 0.014691 0.065106 0.002614 0.019027 0.572020
0.010356 0.003825 0.004655 0.900978 0.003676 0.030054 0.002401 0.033052 0.003809 0.007194
0.004109 0.292553 0.020946 0.318555 0.088979 0.246367 0.006411 0.003857 0.008613 0.009609
0.007088 0.004333 0.636569 0.089256 0.022128 0.192437 0.004939 0.004852 0.002872 0.035525
0.011610 0.135880 0.048061 0.446403 0.029860 0.099775 0.033485 0.007673 0.012842 0.174410
0.004089 0.787724 0.050226 0.074458 0.007690 0.010731 0.026595 0.000753 0.004070 0.033663
0.005159 0.003179 0.006848 0.003160 0.002489 0.031629 0.002007 0.185636 0.007079 0.752812
0.009481 0.014901 0.009038 0.016893 0.595213 0.308933 0.007391 0.023513 0.011879 0.002758
0.012295 0.004701 0.013202 0.233264 0.051199 0.652296 0.004643 0.012357 0.004575 0.011468
0.006512 0.050089 0.053512 0.115565 0.097865 0.637289 0.008906 0.002684 0.005573 0.022005
0.023354 0.398180 0.023699 0.018109 0.011615 0.027562 0.007185 0.002852 0.361329 0.126115
0.001289 0.000808 0.018466 0.004865 0.005412 0.054015 0.001585 0.884423 0.009159 0.019978
0.002707 0.014806 0.005208 0.910557 0.005750 0.001382 0.042703 0.011710 0.004590 0.000587
0.010903 0.008121 0.025914 0.347121 0.005775 0.003850 0.009142 0.563716 0.020974 0.004484
0.000934 0.001298 0.002078 0.002503 0.001015 0.002086 0.002130 0.006051 0.978485 0.003419
0.010942 0.749324 0.011578 0.046448 0.011127 0.004236 0.033584 0.008878 0.073839 0.050043
0.002474 0.005842 0.004458 0.002926 0.002599 0.005820 0.012368 0.012333 0.848405 0.102776
0.001315 0.001441 0.009933 0.004849 0.008223 0.969252 0.000776 0.001330 0.001750 0.001131
0.001311 0.048928 0.018218 0.708174 0.014293 0.004503 0.198246 0.002507 0.002410 0.001410
0.003924 0.007126 0.837261 0.085009 0.006864 0.005692 0.020115 0.025686 0.004045 0.004277
0.020604 0.056197 0.101014 0.109606 0.014320 0.128235 0.525703 0.033491 0.004193 0.006636
0.043249 0.003355 0.003673 0.014184 0.016702 0.059922 0.002014 0.844087 0.008017 0.004797
0.009904 0.003386 0.860277 0.031435 0.013690 0.025660 0.006700 0.036832 0.002731 0.009386
0.010530 0.373181 0.008285 0.052781 0.081948 0.068491 0.362993 0.000658 0.024195 0.016939
0.002574 0.013474 0.005180 0.006155 0.002185 0.002592 0.444662 0.005239 0.008794 0.509145
0.006616 0.007628 0.005065 0.011183 0.515107 0.435483 0.003803 0.004746 0.006251 0.004118
0.002267 0.002223 0.001899 0.016252 0.005318 0.004162 0.019679 0.931372 0.015939 0.000889
0.006762 0.096424 0.124313 0.212130 0.140663 0.270252 0.040985 0.005061 0.040004 0.063405
0.001223 0.006814 0.001512 0.971259 0.001876 0.001062 0.002978 0.011129 0.001471 0.000677
0.000593 0.001656 0.002573 0.986848 0.002584 0.001744 0.001010 0.002056 0.000362 0.000575
0.002234 0.272967 0.038121 0.532231 0.004085 0.014557 0.017622 0.002776 0.007897 0.107511
0.001946 0.005125 0.889387 0.007371 0.003308 0.008358 0.001982 0.014229 0.007528 0.060766
0.001581 0.032329 0.004630 0.600614 0.014703 0.004059 0.333531 0.005187 0.002518 0.000848
0.010264 0.002208 0.025085 0.742845 0.012298 0.076562 0.002417 0.114207 0.003373 0.010742
0.000452 0.002793 0.002699 0.986135 0.002176 0.001831 0.002215 0.000851 0.000436 0.000411
0.000357 0.008012 0.002706 0.968248 0.001441 0.001175 0.007715 0.004842 0.000858 0.004646
0.018825 0.031880 0.010488 0.134820 0.034306 0.739724 0.003332 0.009313 0.004545 0.012768
0.001295 0.036018 0.004696 0.050667 0.005170 0.002564 0.893749 0.001969 0.002033 0.001838
0.004921 0.075598 0.035216 0.047769 0.006536 0.008104 0.328458 0.003302 0.012810 0.477285
0.001369 0.002596 0.001508 0.001803 0.001086 0.004258 0.003085 0.023266 0.932602 0.028427
0.002016 0.311208 0.008447 0.629677 0.003762 0.001286 0.009540 0.006116 0.003593 0.024355
0.004965 0.956723 0.007315 0.007141 0.008300 0.004581 0.002742 0.001444 0.004426 0.002364
0.006048 0.010496 0.566783 0.010855 0.004476 0.011148 0.007929 0.002418 0.010131 0.369718
0.006827 0.062943 0.009723 0.229390 0.120125 0.529307 0.023132 0.004347 0.004330 0.009876
0.001244 0.013928 0.065341 0.691434 0.001911 0.005448 0.002692 0.002542 0.002128 0.213331
0.003191 0.000560 0.004450 0.004404 0.006529 0.072240 0.002062 0.900471 0.002940 0.003151
0.011381 0.023556 0.006686 0.023918 0.004609 0.003435 0.904109 0.001788 0.002063 0.018455
0.006079 0.188978 0.013077 0.518660 0.096862 0.126500 0.038421 0.003040 0.001985 0.006399
0.005841 0.027514 0.005119 0.009876 0.714672 0.181841 0.016166 0.005347 0.032047 0.001578
0.003130 0.000644 0.004188 0.001853 0.005268 0.051868 0.002140 0.911750 0.004798 0.014360
0.004067 0.005431 0.008691 0.061770 0.038162 0.110990 0.003153 0.099276 0.664853 0.003606
0.000640 0.000229 0.001158 0.011588 0.001007 0.004813 0.001004 0.958957 0.002494 0.018110
0.005043 0.001275 0.006656 0.004077 0.002040 0.005319 0.001045 0.901644 0.067402 0.005500
0.041514 0.005138 0.039568 0.240652 0.004068 0.089418 0.005094 0.319748 0.011549 0.243251
0.006584 0.011607 0.011470 0.126435 0.033901 0.775193 0.002452 0.021363 0.007703 0.003291
0.012120 0.024381 0.183291 0.055656 0.047510 0.053331 0.005382 0.014738 0.061897 0.541694
0.006755 0.007613 0.004998 0.050899 0.155036 0.758784 0.002335 0.005964 0.006206 0.001409
0.002594 0.004594 0.846591 0.033287 0.006102 0.007732 0.001725 0.049343 0.010198 0.037834
0.094626 0.010131 0.028441 0.720305 0.009935 0.004733 0.009055 0.110126 0.009473 0.003175
0.002939 0.011045 0.007555 0.009948 0.003174 0.007505 0.008311 0.003619 0.045472 0.900431
0.002557 0.146135 0.304095 0.124803 0.014554 0.012898 0.103829 0.005637 0.015626 0.269865
0.002811 0.022811 0.013195 0.156557 0.010817 0.020437 0.004051 0.666036 0.074234 0.029051
0.118549 0.243040 0.160396 0.068083 0.012679 0.009912 0.007355 0.084476 0.016018 0.279492
0.030556 0.011540 0.127826 0.007936 0.003721 0.006079 0.029491 0.170726 0.067314 0.544812
0.074053 0.020132 0.004262 0.008277 0.003806 0.002072 0.871983 0.006419 0.004737 0.004258
0.003629 0.022620 0.002528 0.031702 0.002989 0.009470 0.869508 0.002164 0.004538 0.050854
0.002289 0.071785 0.043028 0.062397 0.004178 0.020188 0.231132 0.003368 0.005084 0.556551
0.002367 0.001745 0.001821 0.003011 0.006122 0.977811 0.000819 0.003484 0.001310 0.001511
0.001011 0.025923 0.001533 0.083754 0.001739 0.001463 0.879061 0.002159 0.002091 0.001267
0.011022 0.010737 0.794479 0.043729 0.014167 0.064306 0.002610 0.043644 0.004676 0.010631
0.008521 0.013200 0.027047 0.664432 0.063081 0.115890 0.006127 0.096406 0.003994 0.001301
0.000458 0.002209 0.000690 0.985140 0.000955 0.000509 0.003400 0.005145 0.000917 0.000576
0.001584 0.026623 0.001889 0.043058 0.002459 0.000673 0.918995 0.002363 0.001663 0.000693
0.000954 0.001471 0.013668 0.028339 0.002840 0.002882 0.001233 0.760390 0.164373 0.023851
0.006238 0.639411 0.070577 0.113780 0.105364 0.047648 0.004693 0.001583 0.007723 0.002983
0.766929 0.015412 0.010851 0.012779 0.017706 0.036400 0.044441 0.078536 0.004128 0.012817
0.031083 0.036602 0.038036 0.058988 0.001816 0.004427 0.005313 0.017298 0.006580 0.799857
0.006007 0.021073 0.062413 0.045430 0.006609 0.011171 0.054352 0.071428 0.109167 0.612350
0.025760 0.096167 0.002658 0.501821 0.035804 0.143052 0.143801 0.034680 0.007105 0.009152
0.001518 0.002127 0.001263 0.083172 0.006391 0.014434 0.003885 0.717770 0.159937 0.009503
0.000361 0.002754 0.001499 0.985849 0.001757 0.001498 0.004776 0.000833 0.000332 0.000342
0.001286 0.001010 0.001327 0.067675 0.002812 0.003853 0.005198 0.867360 0.045180 0.004297
0.004754 0.013242 0.002532 0.006833 0.895559 0.055607 0.009748 0.002791 0.007465 0.001470
0.003705 0.000608 0.001440 0.003280 0.005365 0.050922 0.001396 0.919866 0.003382 0.010034
0.001399 0.006761 0.000686 0.004428 0.001086 0.001329 0.964260 0.002044 0.002421 0.015585
0.002819 0.028932 0.046799 0.874077 0.003081 0.001552 0.024175 0.009335 0.003149 0.006082
0.002829 0.007375 0.014892 0.892653 0.036634 0.040276 0.001525 0.001560 0.001224 0.001032
0.004384 0.003907 0.002874 0.016373 0.161799 0.751037 0.002591 0.029040 0.026776 0.001219
0.001419 0.008116 0.238744 0.634204 0.012560 0.031882 0.003698 0.003715 0.004644 0.061018
0.001830 0.035029 0.002458 0.193386 0.007251 0.002136 0.752623 0.002870 0.001589 0.000827
0.012181 0.019069 0.009086 0.006044 0.000647 0.004561 0.005562 0.002728 0.005630 0.934492
0.005211 0.042186 0.093734 0.326006 0.003017 0.005683 0.043423 0.002100 0.002169 0.476472
0.041905 0.063518 0.045317 0.261421 0.038389 0.013098 0.013749 0.455048 0.061048 0.006508
0.019881 0.324866 0.271255 0.081278 0.009715 0.009339 0.063793 0.007791 0.017751 0.194330
0.015928 0.005404 0.043924 0.065473 0.022928 0.809998 0.001351 0.016467 0.003636 0.014891
0.029571 0.001711 0.002565 0.015271 0.005464 0.003404 0.031794 0.900139 0.008280 0.001802
0.000893 0.013035 0.025531 0.930152 0.003827 0.002772 0.001869 0.009483 0.006911 0.005528
0.010436 0.234416 0.031773 0.579446 0.010334 0.007995 0.103575 0.013130 0.003670 0.005224
0.009626 0.002476 0.003746 0.003983 0.041370 0.021564 0.033887 0.866855 0.015015 0.001477
0.632973 0.168721 0.006697 0.005258 0.008435 0.013655 0.023302 0.017589 0.011857 0.111512
0.005073 0.005186 0.015099 0.544323 0.164024 0.205110 0.004306 0.046762 0.009258 0.000857
0.005151 0.136450 0.074806 0.617557 0.061612 0.012078 0.084819 0.002157 0.002715 0.002655
0.003143 0.033330 0.153105 0.654282 0.010604 0.007104 0.009533 0.007352 0.005077 0.116470
0.012050 0.009114 0.087592 0.019075 0.023542 0.046609 0.002282 0.037354 0.201213 0.561170
0.001858 0.002122 0.009611 0.891707 0.011063 0.058767 0.002359 0.019145 0.001889 0.001480
0.006382 0.013037 0.004267 0.011746 0.836297 0.095331 0.015565 0.001927 0.011117 0.004332
0.006411 0.009871 0.003152 0.015937 0.798566 0.139686 0.005662 0.007749 0.010970 0.001997
0.028695 0.352298 0.027380 0.304514 0.160887 0.091882 0.008038 0.010703 0.009265 0.006337
0.001183 0.021992 0.097981 0.843231 0.004597 0.001639 0.006614 0.001379 0.001570 0.019814
0.037385 0.026046 0.011666 0.086986 0.007609 0.002476 0.807139 0.013975 0.003138 0.003582
0.001339 0.018689 0.000718 0.255488 0.003570 0.005829 0.703310 0.007158 0.001939 0.001960
0.005658 0.511226 0.005354 0.028689 0.006672 0.002735 0.434223 0.001600 0.002168 0.001676
0.001412 0.001535 0.003225 0.016004 0.086701 0.828483 0.001384 0.045725 0.011789 0.003742
0.002317 0.005318 0.516144 0.321453 0.011545 0.009798 0.003044 0.014086 0.004520 0.111774
0.002734 0.010120 0.044942 0.019939 0.180609 0.720769 0.003572 0.007899 0.007980 0.001436
0.003122 0.003491 0.003408 0.013174 0.045122 0.129201 0.002136 0.017957 0.773126 0.009261
0.004523 0.002086 0.021651 0.017182 0.001872 0.005133 0.003186 0.756718 0.123546 0.064103
0.000773 0.011785 0.010864 0.946194 0.002405 0.001291 0.005661 0.013693 0.003490 0.003844
0.001378 0.018118 0.001561 0.119338 0.002196 0.001267 0.851151 0.002768 0.001410 0.000811
0.000561 0.000801 0.001714 0.971129 0.000666 0.000881 0.001505 0.008461 0.001099 0.013183
0.011282 0.368630 0.019885 0.461781 0.010688 0.008620 0.100980 0.001474 0.002128 0.014532
0.005469 0.005738 0.003956 0.010842 0.466638 0.466350 0.004961 0.016252 0.011617 0.008177
0.004363 0.023409 0.040136 0.819260 0.018696 0.071706 0.013580 0.001305 0.001429 0.006116
0.272429 0.091111 0.005735 0.029329 0.210176 0.348963 0.007112 0.004291 0.010278 0.020575
0.002769 0.229514 0.045098 0.362772 0.015955 0.029222 0.133489 0.003106 0.004960 0.173115
0.126896 0.170788 0.208672 0.379854 0.010643 0.005965 0.059488 0.015139 0.004373 0.018182
0.037136 0.022932 0.284512 0.064723 0.002865 0.012215 0.006294 0.096263 0.067043 0.406016
0.003456 0.026001 0.197713 0.504772 0.055029 0.137289 0.036648 0.007673 0.011184 0.020237
0.006874 0.121881 0.048902 0.244889 0.005495 0.005952 0.511035 0.013725 0.004551 0.036697
0.013124 0.018672 0.159488 0.076712 0.007209 0.015063 0.021029 0.005822 0.018754 0.664127
0.000748 0.000301 0.000689 0.002299 0.001635 0.001496 0.000946 0.987946 0.002665 0.001274
0.002888 0.047492 0.057532 0.786748 0.005324 0.001783 0.064580 0.011287 0.001521 0.020846
0.003817 0.601177 0.009027 0.340679 0.006047 0.003194 0.007446 0.010366 0.005714 0.012533
0.001718 0.002174 0.002056 0.958667 0.001316 0.001227 0.001395 0.025435 0.001416 0.004596
0.003128 0.001383 0.006668 0.003468 0.002392 0.001045 0.003052 0.968386 0.006535 0.003944
0.000779 0.000962 0.001109 0.958605 0.004150 0.002039 0.002410 0.026655 0.002741 0.000549
0.002210 0.037685 0.002158 0.147455 0.004559 0.005979 0.792013 0.001387 0.001437 0.005117
0.021940 0.004489 0.003362 0.009173 0.067278 0.802282 0.001801 0.083883 0.004891 0.000901
0.002068 0.000895 0.003752 0.004561 0.006751 0.945526 0.000698 0.020522 0.004756 0.010471
0.004663 0.950029 0.006632 0.021235 0.002754 0.002397 0.008782 0.000774 0.001302 0.001431
0.001512 0.005154 0.008633 0.049856 0.017452 0.014527 0.016068 0.114592 0.768416 0.003790
0.002159 0.084267 0.051259 0.586824 0.117463 0.105704 0.023800 0.003297 0.003856 0.021371
0.010718 0.010999 0.043158 0.007257 0.013327 0.048857 0.003260 0.007377 0.112155 0.742893
0.000375 0.010115 0.011676 0.964741 0.005728 0.002749 0.002031 0.001258 0.000815 0.000513
0.004414 0.068747 0.293701 0.310644 0.009974 0.053691 0.015758 0.011688 0.014428 0.216956
0.001945 0.001402 0.003301 0.003771 0.006470 0.962825 0.001108 0.005314 0.001830 0.012035
0.001598 0.008149 0.011660 0.740098 0.043543 0.015082 0.002810 0.154117 0.017881 0.005063
0.006587 0.005347 0.005454 0.012023 0.497849 0.437693 0.003117 0.015024 0.010817 0.006090
0.003101 0.015550 0.058331 0.290011 0.032296 0.516631 0.013871 0.005333 0.002560 0.062316
0.007686 0.010889 0.005301 0.046535 0.084978 0.830884 0.002211 0.005753 0.003935 0.001827
0.002229 0.004926 0.917993 0.049198 0.007194 0.003500 0.004730 0.001834 0.001727 0.006669
0.012448 0.013666 0.002635 0.939628 0.002014 0.001842 0.014929 0.008846 0.000981 0.003011
0.001427 0.010367 0.000754 0.004277 0.002250 0.000604 0.977072 0.001551 0.001252 0.000445
0.665180 0.080253 0.003636 0.004937 0.097294 0.100502 0.007052 0.008711 0.012396 0.020039
0.001332 0.008301 0.002392 0.016911 0.002898 0.001298 0.958890 0.003038 0.001929 0.003009
0.009926 0.002922 0.003463 0.011794 0.002842 0.025734 0.005141 0.588964 0.085510 0.263703
0.008416 0.007967 0.007025 0.792936 0.059690 0.094273 0.003155 0.019748 0.005743 0.001047
0.033401 0.498458 0.083413 0.144671 0.064230 0.021433 0.136714 0.003813 0.006400 0.007466
0.001002 0.011436 0.003559 0.973378 0.003277 0.002092 0.002596 0.001426 0.000868 0.000366
0.347769 0.027309 0.005210 0.014277 0.022021 0.293431 0.009169 0.020354 0.013638 0.246823
0.001079 0.000310 0.001011 0.001761 0.001170 0.001241 0.001109 0.986019 0.004731 0.001568
0.001403 0.079441 0.009964 0.062211 0.003206 0.002647 0.834233 0.001194 0.000823 0.004880
0.004525 0.020035 0.174245 0.656708 0.003367 0.002019 0.005867 0.030444 0.009681 0.093111
0.001999 0.278056 0.019211 0.175823 0.005965 0.003110 0.495408 0.001632 0.002635 0.016162
0.001999 0.039916 0.006249 0.003518 0.001623 0.004026 0.049508 0.001383 0.003519 0.888258
0.658592 0.138847 0.008264 0.085652 0.010425 0.004886 0.063400 0.016179 0.004937 0.008818
0.004115 0.943445 0.005299 0.015648 0.011345 0.002400 0.012790 0.002242 0.002081 0.000637
0.003943 0.025446 0.007721 0.022791 0.020546 0.729149 0.008776 0.014036 0.007628 0.159963
0.003960 0.008086 0.005866 0.025776 0.036829 0.904744 0.001980 0.003766 0.005804 0.003190
0.004825 0.032597 0.026152 0.779423 0.047474 0.073022 0.004067 0.006476 0.007709 0.018255
0.003048 0.031818 0.134542 0.063302 0.004388 0.023836 0.187628 0.001679 0.007103 0.542656
0.016404 0.023552 0.008548 0.064783 0.237825 0.239862 0.005253 0.318142 0.072966 0.012665
0.001628 0.001148 0.001638 0.004091 0.009795 0.921754 0.000789 0.049990 0.005167 0.004001
0.002407 0.004242 0.006974 0.004294 0.002229 0.012425 0.001922 0.002495 0.005402 0.957610
0.015681 0.349582 0.009405 0.580869 0.009708 0.011891 0.004167 0.001422 0.003208 0.014067
0.022248 0.570294 0.017136 0.062346 0.055024 0.013148 0.227431 0.021855 0.008543 0.001975
0.000451 0.017878 0.013761 0.951922 0.002329 0.002787 0.004955 0.001202 0.001058 0.003658
0.000854 0.010838 0.000349 0.024455 0.001837 0.002079 0.953921 0.001769 0.001836 0.002062
0.002953 0.018760 0.025309 0.028352 0.006670 0.022107 0.003066 0.036124 0.529575 0.327085
0.003429 0.112461 0.091554 0.049334 0.005590 0.011232 0.033988 0.047674 0.057990 0.586748
0.003711 0.005292 0.050640 0.193119 0.005345 0.017844 0.003985 0.121934 0.138343 0.459785
0.000925 0.001291 0.002565 0.962023 0.000788 0.002027 0.002280 0.007795 0.000787 0.019518
0.001378 0.003067 0.011630 0.023238 0.003822 0.004050 0.000948 0.024294 0.904533 0.023040
0.005595 0.007238 0.131825 0.063613 0.044165 0.728939 0.006075 0.004177 0.004789 0.003583
0.005131 0.001362 0.007464 0.004059 0.006317 0.954610 0.000715 0.014821 0.001676 0.003845
0.002233 0.004982 0.002811 0.012214 0.049316 0.918099 0.001422 0.002095 0.005000 0.001828
0.325108 0.150720 0.052933 0.268167 0.055402 0.078024 0.016390 0.014112 0.006012 0.033133
0.004741 0.001892 0.005854 0.004365 0.005896 0.017380 0.003397 0.669316 0.213153 0.074006
0.010061 0.025195 0.798308 0.010940 0.007303 0.012868 0.004809 0.094235 0.012204 0.024077
0.006884 0.054046 0.032241 0.009704 0.782112 0.095641 0.010574 0.001310 0.005727 0.001761
0.001244 0.006823 0.023418 0.881574 0.031377 0.044251 0.003013 0.003507 0.002067 0.002727
0.001541 0.288938 0.014390 0.263610 0.007679 0.013870 0.349533 0.001737 0.001996 0.056707
0.000772 0.017578 0.000783 0.004423 0.001341 0.001173 0.961185 0.000890 0.001808 0.010046
0.005820 0.663806 0.211705 0.035405 0.014620 0.004559 0.039273 0.002192 0.008444 0.014176
0.078699 0.076291 0.215180 0.166515 0.005686 0.025811 0.069487 0.040466 0.009908 0.311957
0.005458 0.775429 0.028415 0.088579 0.056988 0.023722 0.002102 0.003423 0.009423 0.006461
0.002977 0.000704 0.007919 0.044649 0.003123 0.002941 0.001741 0.930867 0.004089 0.000990
0.002846 0.012411 0.016992 0.145871 0.086052 0.704843 0.004236 0.015411 0.004648 0.006689
0.040973 0.025431 0.034681 0.321793 0.001974 0.003055 0.002339 0.021519 0.006471 0.541764
0.001745 0.000262 0.000697 0.003121 0.000743 0.000601 0.000635 0.987952 0.003369 0.000875
0.005898 0.129589 0.004960 0.043307 0.015128 0.012372 0.785304 0.000619 0.001456 0.001365
0.038832 0.005622 0.009312 0.740181 0.005519 0.008506 0.001457 0.170473 0.011021 0.009077
0.665212 0.116120 0.013983 0.002987 0.019831 0.033893 0.010113 0.009858 0.009965 0.118038
0.023203 0.056898 0.097460 0.231328 0.003420 0.004158 0.006421 0.055691 0.008284 0.513136
0.004235 0.016842 0.288204 0.012137 0.033334 0.401484 0.001853 0.007118 0.015827 0.218964
0.003604 0.617837 0.025539 0.047130 0.024389 0.003631 0.264215 0.002333 0.005749 0.005572
0.005043 0.002391 0.003105 0.005822 0.007252 0.967296 0.000783 0.002998 0.001708 0.003601
0.001734 0.000701 0.000769 0.012486 0.001741 0.001378 0.003798 0.964723 0.011164 0.001505
0.004783 0.005009 0.005053 0.015653 0.177365 0.242588 0.011624 0.135328 0.398455 0.004141
0.009021 0.024347 0.081157 0.017942 0.033494 0.141424 0.010727 0.007753 0.037913 0.636223
0.001494 0.005047 0.018045 0.043306 0.002483 0.025742 0.002192 0.013205 0.003488 0.884999
0.103814 0.023600 0.040396 0.007246 0.022867 0.010058 0.155869 0.566610 0.043646 0.025894
0.007474 0.005896 0.008994 0.016749 0.158664 0.780530 0.001415 0.010495 0.008905 0.000878
0.032317 0.046105 0.008055 0.873857 0.010031 0.003243 0.020778 0.003704 0.001003 0.000906
0.002618 0.005111 0.938215 0.029305 0.005539 0.003324 0.001192 0.001934 0.004288 0.008473
0.009917 0.248025 0.034681 0.024176 0.116628 0.165023 0.390192 0.001005 0.004948 0.005405
0.674659 0.114688 0.013885 0.004582 0.016221 0.021007 0.006206 0.005322 0.032994 0.110434
0.307660 0.278081 0.018742 0.216472 0.020004 0.007496 0.100205 0.027645 0.004001 0.019693
0.002782 0.028267 0.031306 0.878789 0.008669 0.002759 0.043411 0.002271 0.001268 0.000478
0.005795 0.011865 0.205169 0.228219 0.032802 0.094875 0.007135 0.377073 0.031695 0.005372
0.001496 0.005668 0.069422 0.007687 0.000658 0.004105 0.002524 0.002150 0.007869 0.898421
0.016855 0.229956 0.031117 0.464714 0.018239 0.201542 0.006410 0.007742 0.008807 0.014617
0.001075 0.001923 0.011001 0.018631 0.061910 0.820903 0.001020 0.049078 0.022058 0.012401
0.000995 0.007544 0.154554 0.086369 0.002907 0.006554 0.004248 0.002590 0.007019 0.727219
0.005859 0.005618 0.594561 0.010326 0.071823 0.189150 0.002805 0.026579 0.015539 0.077740
0.001298 0.001848 0.001672 0.005761 0.035364 0.942866 0.001006 0.004257 0.005040 0.000888
0.009348 0.230281 0.353319 0.212273 0.008084 0.008425 0.005966 0.007037 0.007413 0.157854
0.002949 0.009408 0.446258 0.016432 0.003222 0.012227 0.006248 0.005038 0.004624 0.493594
0.001325 0.034118 0.022956 0.087799 0.004302 0.002559 0.835299 0.004005 0.002603 0.005034
0.003350 0.002180 0.015313 0.058603 0.084765 0.161816 0.005134 0.534565 0.112893 0.021381
0.020679 0.027763 0.003268 0.008606 0.759236 0.154365 0.003496 0.005757 0.012943 0.003886
0.001010 0.000904 0.006678 0.023613 0.004111 0.001738 0.002226 0.930164 0.021410 0.008147
0.005326 0.003134 0.007364 0.830585 0.015021 0.045193 0.003125 0.070664 0.011157 0.008432
0.001716 0.004309 0.008283 0.003197 0.001890 0.006243 0.001730 0.001563 0.012752 0.958318
0.023613 0.007635 0.010327 0.027875 0.464356 0.408698 0.003423 0.044545 0.009036 0.000491
0.677208 0.269704 0.009776 0.007330 0.006604 0.007715 0.009322 0.004862 0.002681 0.004798
0.001059 0.010289 0.065514 0.138273 0.007017 0.021072 0.013695 0.015768 0.020281 0.707031
0.002969 0.000486 0.006594 0.002803 0.001091 0.001798 0.000700 0.967794 0.002942 0.012824
0.002566 0.022987 0.003977 0.004253 0.001405 0.005864 0.032224 0.003934 0.006315 0.916475
0.005552 0.007360 0.155066 0.259292 0.076680 0.330672 0.012157 0.027677 0.010735 0.114810
0.027001 0.023062 0.858989 0.019417 0.017930 0.014096 0.002969 0.020853 0.007205 0.008479
0.041758 0.559457 0.010167 0.041805 0.018266 0.013301 0.309476 0.001813 0.001623 0.002334
0.000385 0.001553 0.007852 0.981432 0.001294 0.000670 0.000878 0.001041 0.000803 0.004092
0.002627 0.002832 0.012338 0.009196 0.005902 0.003523 0.005714 0.077258 0.875916 0.004693
0.061548 0.011966 0.019119 0.420391 0.025748 0.362925 0.004580 0.072323 0.004905 0.016495
0.001796 0.010392 0.001793 0.006071 0.001797 0.000743 0.971004 0.001700 0.001537 0.003168
0.000639 0.014289 0.000877 0.006523 0.001830 0.000585 0.972421 0.000709 0.001224 0.000904
0.000450 0.002390 0.013073 0.976699 0.001137 0.000885 0.001243 0.002370 0.000402 0.001350
0.003371 0.002447 0.036224 0.020451 0.007814 0.004780 0.011678 0.837538 0.057630 0.018066
0.004888 0.017244 0.602587 0.010882 0.010977 0.043093 0.003765 0.023008 0.056314 0.227242
0.000909 0.004564 0.927122 0.006755 0.003378 0.007422 0.001302 0.002431 0.002958 0.043159
0.005539 0.009247 0.003503 0.024991 0.775717 0.152355 0.004346 0.008598 0.012603 0.003101
0.005333 0.006778 0.005547 0.011346 0.010602 0.031465 0.008260 0.213508 0.122271 0.584890
0.016405 0.006817 0.722465 0.083389 0.015523 0.018377 0.003514 0.094513 0.004178 0.034820
0.024222 0.036399 0.323882 0.117681 0.328277 0.047395 0.013733 0.079236 0.027430 0.001744
0.031916 0.045467 0.350699 0.194599 0.008025 0.027951 0.021827 0.028429 0.055713 0.235374
0.002396 0.034387 0.014269 0.021466 0.002680 0.005119 0.108822 0.002976 0.007402 0.800483
0.041195 0.541354 0.003632 0.100854 0.021120 0.009178 0.231418 0.017042 0.012251 0.021956
0.235387 0.244686 0.015294 0.015503 0.228000 0.136918 0.028643 0.013255 0.074593 0.007720
0.002475 0.005437 0.013493 0.009969 0.021785 0.933957 0.001887 0.003641 0.003078 0.004279
0.000724 0.003177 0.005120 0.971055 0.005133 0.005584 0.006267 0.001622 0.000737 0.000581
0.004014 0.001131 0.004478 0.003478 0.005459 0.964752 0.000572 0.011721 0.001301 0.003093
0.065976 0.110735 0.242764 0.136216 0.305102 0.087250 0.019058 0.009610 0.015505 0.007783
0.005934 0.410684 0.115837 0.228974 0.064211 0.106559 0.002475 0.004565 0.020623 0.040137
0.012772 0.011389 0.002862 0.053151 0.087743 0.027101 0.649576 0.041496 0.090643 0.023268
0.001543 0.016291 0.006300 0.055935 0.033674 0.006681 0.872472 0.002051 0.002821 0.002234
0.000781 0.000177 0.000808 0.001742 0.000628 0.000722 0.000576 0.989508 0.002949 0.002109
0.049066 0.030848 0.380027 0.310086 0.012517 0.015828 0.028708 0.013453 0.002585 0.156881
0.013354 0.003190 0.006643 0.002770 0.026139 0.682525 0.011597 0.168750 0.010406 0.074626
0.003332 0.477502 0.022248 0.348971 0.015665 0.010496 0.022481 0.012660 0.010452 0.076193
0.001128 0.039097 0.006276 0.060458 0.002965 0.001437 0.871902 0.002510 0.001733 0.012495
0.001414 0.001920 0.001781 0.003010 0.001515 0.004053 0.001859 0.008919 0.954060 0.021469
0.001781 0.003330 0.038279 0.004080 0.001502 0.019092 0.001576 0.001611 0.005397 0.923352
0.008461 0.492265 0.032231 0.085026 0.013822 0.009762 0.289503 0.003221 0.006796 0.058915
0.010887 0.019775 0.197431 0.013842 0.008876 0.096680 0.061049 0.005033 0.014331 0.572097
0.003171 0.007808 0.001804 0.004085 0.001620 0.001417 0.956061 0.003405 0.002714 0.017915
0.001428 0.014168 0.011071 0.945884 0.001556 0.003141 0.015536 0.002353 0.000552 0.004311
0.000955 0.000342 0.000471 0.007226 0.000559 0.000970 0.000608 0.983348 0.002337 0.003184
0.228367 0.053702 0.018082 0.548145 0.044436 0.052626 0.010059 0.028327 0.004544 0.011712
0.004177 0.051267 0.017022 0.773376 0.025469 0.043638 0.030106 0.003639 0.007848 0.043460
0.004459 0.019052 0.040529 0.741332 0.021133 0.107939 0.009663 0.001926 0.004042 0.049926
0.022424 0.035997 0.090388 0.133065 0.223898 0.124959 0.013890 0.046936 0.291400 0.017045
0.000787 0.029241 0.002700 0.035796 0.003070 0.004379 0.917452 0.000782 0.001074 0.004718
0.004856 0.027558 0.005099 0.010165 0.001413 0.013490 0.004490 0.003443 0.012665 0.916819
0.005752 0.001632 0.004506 0.018222 0.672791 0.121971 0.008439 0.137249 0.027243 0.002195
0.051321 0.119326 0.020639 0.071984 0.466371 0.142299 0.005285 0.021862 0.097242 0.003670
0.000536 0.000988 0.001643 0.002195 0.001199 0.002389 0.001208 0.004828 0.981532 0.003482
0.001155 0.000388 0.007840 0.018623 0.007386 0.009950 0.000862 0.933854 0.016565 0.003378
0.003083 0.036691 0.041976 0.013278 0.007030 0.040455 0.017748 0.006803 0.022782 0.810153
0.030494 0.019123 0.012407 0.095507 0.054304 0.763624 0.011792 0.001939 0.006497 0.004312
0.003340 0.027025 0.028515 0.026674 0.002332 0.014808 0.065965 0.013452 0.016488 0.801399
0.000896 0.000774 0.042974 0.008143 0.004274 0.015335 0.000954 0.859542 0.029184 0.037924
0.078318 0.031542 0.021493 0.012645 0.028471 0.007941 0.002487 0.014600 0.772360 0.030142
0.001219 0.001429 0.003573 0.006891 0.000490 0.003713 0.001852 0.033663 0.007966 0.939204
0.868806 0.055435 0.007547 0.009267 0.008601 0.009354 0.026020 0.009619 0.002718 0.002634
0.013722 0.055537 0.139265 0.022053 0.005824 0.016695 0.239851 0.017483 0.022959 0.466611
0.002388 0.001100 0.005991 0.004430 0.002363 0.009605 0.001637 0.099098 0.016604 0.856782
0.015948 0.014649 0.053957 0.872343 0.005267 0.001640 0.005769 0.022507 0.004022 0.003898
0.006281 0.014675 0.013247 0.047171 0.228404 0.673437 0.002537 0.004405 0.008333 0.001510
0.002069 0.001137 0.002349 0.003255 0.003308 0.976125 0.000583 0.005419 0.001170 0.004586
0.001985 0.013528 0.001289 0.011537 0.001730 0.001473 0.947765 0.004263 0.003171 0.013260
0.002109 0.001013 0.003351 0.009364 0.041818 0.647841 0.002491 0.278617 0.011956 0.001438
0.001196 0.003898 0.525309 0.379106 0.024584 0.021675 0.007275 0.022409 0.009232 0.005316
0.005219 0.009211 0.850478 0.018292 0.004553 0.012420 0.003354 0.005090 0.005904 0.085479
0.003027 0.101260 0.134223 0.549615 0.029924 0.114053 0.059343 0.001344 0.002780 0.004431
0.053721 0.007441 0.004700 0.037446 0.003184 0.007953 0.095284 0.405709 0.017917 0.366643
0.065656 0.405545 0.004222 0.016420 0.042921 0.058815 0.063574 0.015041 0.023632 0.304175
0.006106 0.027306 0.039060 0.015976 0.013983 0.042307 0.329406 0.002593 0.006731 0.516533
0.006062 0.008246 0.024015 0.072665 0.114150 0.015513 0.021287 0.632932 0.102670 0.002461
0.008293 0.007886 0.016500 0.122532 0.002875 0.007612 0.031773 0.508512 0.007594 0.286423
0.001618 0.004246 0.003498 0.022092 0.050169 0.907616 0.001240 0.003060 0.004996 0.001464
0.002736 0.011936 0.694440 0.015228 0.015955 0.008220 0.004522 0.055412 0.048088 0.143463
0.001616 0.001088 0.000975 0.007454 0.003845 0.004067 0.001699 0.814210 0.160803 0.004242
0.000615 0.004888 0.000977 0.965870 0.002152 0.001283 0.021671 0.001469 0.000605 0.000470
0.002874 0.012126 0.025457 0.009022 0.002217 0.001226 0.910664 0.002519 0.002181 0.031714
0.006868 0.300922 0.034594 0.068958 0.171028 0.028885 0.379607 0.001583 0.004728 0.002827
0.003529 0.005615 0.030548 0.358114 0.216774 0.358547 0.004172 0.013726 0.006051 0.002924
0.002263 0.024691 0.041335 0.718635 0.025798 0.165055 0.003815 0.001952 0.004185 0.012270
0.016532 0.049197 0.374483 0.166763 0.018026 0.063597 0.012702 0.085825 0.011114 0.201760
0.001783 0.004687 0.006457 0.002474 0.000929 0.003553 0.003721 0.001371 0.002331 0.972693
0.001167 0.034996 0.060584 0.711150 0.002678 0.003611 0.017874 0.003155 0.003456 0.161329
0.003658 0.509505 0.002522 0.049705 0.005828 0.001472 0.422080 0.001071 0.002142 0.002017
0.004798 0.009084 0.009366 0.007760 0.011175 0.003560 0.015806 0.035257 0.899162 0.004032
0.001192 0.009048 0.000561 0.067580 0.002279 0.001503 0.911698 0.002086 0.001917 0.002135
0.534812 0.132229 0.028458 0.022631 0.006387 0.015196 0.174291 0.012386 0.004818 0.068790
0.010499 0.001795 0.016020 0.065088 0.071641 0.022585 0.001709 0.800850 0.008997 0.000815
0.002234 0.009460 0.018034 0.023130 0.001471 0.011862 0.004125 0.018182 0.098491 0.813012
0.077547 0.011443 0.464279 0.148948 0.010874 0.020254 0.012937 0.235410 0.002722 0.015587
0.006682 0.014419 0.054401 0.515205 0.152651 0.241993 0.004184 0.005551 0.003552 0.001362
0.005159 0.026859 0.081976 0.818637 0.015309 0.003679 0.014435 0.026296 0.004248 0.003401
0.001245 0.095896 0.057014 0.563883 0.022659 0.013242 0.030178 0.003014 0.010859 0.202011
0.001404 0.002746 0.012851 0.001647 0.000827 0.002937 0.001503 0.001580 0.003908 0.970597
0.003615 0.021761 0.003907 0.885186 0.006047 0.001998 0.071749 0.003520 0.001517 0.000700
0.007621 0.002238 0.014560 0.077881 0.417655 0.232499 0.006674 0.187721 0.028608 0.024543
0.000901 0.000914 0.009694 0.001977 0.000446 0.001528 0.001155 0.000828 0.001397 0.981160
0.012392 0.019152 0.563099 0.294655 0.007874 0.003019 0.026490 0.050433 0.007995 0.014891
0.005330 0.003583 0.024092 0.891466 0.009852 0.006058 0.015155 0.028035 0.001593 0.014837
0.002467 0.003832 0.006934 0.010892 0.007177 0.009716 0.004128 0.384012 0.360178 0.210663
0.006400 0.004125 0.011152 0.266541 0.319982 0.320990 0.004325 0.050787 0.015011 0.000688
0.001415 0.004001 0.954367 0.005602 0.003400 0.009226 0.002114 0.006697 0.002421 0.010756
0.002737 0.002309 0.007977 0.144220 0.001862 0.003361 0.002555 0.676958 0.011464 0.146558
0.004708 0.039444 0.107857 0.264327 0.005652 0.013699 0.051283 0.023701 0.019710 0.469619
0.004208 0.110536 0.001486 0.012081 0.006845 0.014148 0.820439 0.005433 0.009165 0.015658
0.002026 0.040255 0.007531 0.914721 0.021958 0.006797 0.003094 0.001753 0.001299 0.000566
0.003443 0.904416 0.006530 0.037565 0.020869 0.009229 0.010572 0.002860 0.002270 0.002247
0.010946 0.014136 0.156054 0.201526 0.050235 0.554187 0.002182 0.005463 0.003996 0.001276
0.001167 0.019592 0.040982 0.010179 0.004079 0.016334 0.090812 0.002631 0.010981 0.803243
0.009267 0.011813 0.003142 0.003266 0.845132 0.106991 0.010177 0.001743 0.005567 0.002903
0.007647 0.008102 0.866010 0.032509 0.011569 0.014200 0.001424 0.025739 0.028396 0.004406
0.042876 0.026964 0.080183 0.066980 0.017846 0.015159 0.078494 0.251403 0.345869 0.074226
0.002471 0.001782 0.017885 0.170802 0.015409 0.028415 0.015301 0.425186 0.104055 0.218694
0.002268 0.003736 0.002958 0.006933 0.011304 0.066516 0.002123 0.009851 0.881920 0.012391
0.004846 0.008427 0.027971 0.033556 0.002791 0.008064 0.088297 0.001441 0.002828 0.821779
0.000412 0.001356 0.001325 0.990994 0.000899 0.000752 0.001582 0.002036 0.000438 0.000206
0.009324 0.470863 0.010864 0.394575 0.039506 0.014232 0.029959 0.014827 0.010958 0.004892
0.023541 0.004339 0.012106 0.013599 0.077484 0.777362 0.002767 0.074845 0.004356 0.009599
0.005117 0.011707 0.663345 0.258342 0.013512 0.018803 0.002475 0.012229 0.006542 0.007928
0.002026 0.026881 0.003107 0.035864 0.005192 0.000906 0.923503 0.001012 0.000775 0.000733
0.001478 0.056228 0.097497 0.373713 0.004404 0.005292 0.007030 0.001921 0.006574 0.445863
0.002969 0.008260 0.130388 0.016966 0.004183 0.007666 0.010612 0.006235 0.020078 0.792645
0.002352 0.057617 0.004151 0.006486 0.004974 0.001264 0.912732 0.001712 0.002677 0.006037
0.000844 0.015828 0.118756 0.818084 0.016208 0.004594 0.005933 0.006387 0.003151 0.010216
0.838718 0.030481 0.052006 0.023333 0.007304 0.012142 0.004175 0.005691 0.003087 0.023064
0.010896 0.011870 0.004205 0.005783 0.004541 0.024623 0.007314 0.063712 0.307912 0.559144
0.003438 0.000785 0.010932 0.014479 0.004372 0.002811 0.001797 0.953156 0.005922 0.002308
0.003169 0.001191 0.002917 0.174734 0.036076 0.058273 0.003964 0.705991 0.011722 0.001964
0.006201 0.065002 0.126436 0.486791 0.019120 0.092934 0.086235 0.001430 0.015915 0.099938
0.014706 0.045763 0.026631 0.038729 0.010557 0.174035 0.024202 0.020695 0.028572 0.616110
