0.000112 0.000000 0.000308 0.033614 0.000561 0.962730 0.000005 0.002649 0.000021 0.000000
0.000233 0.000001 0.000213 0.021387 0.000102 0.964948 0.000000 0.000795 0.012209 0.000113
0.006330 0.000012 0.000111 0.000391 0.000150 0.003236 0.012908 0.485542 0.479640 0.011680
0.000351 0.054743 0.002328 0.942341 0.000153 0.000032 0.000031 0.000007 0.000001 0.000013
0.003091 0.000000 0.004871 0.000002 0.000465 0.827341 0.000001 0.103842 0.060204 0.000183
0.000089 0.000471 0.000409 0.003216 0.000003 0.000033 0.994975 0.000054 0.000000 0.000749
0.000004 0.000000 0.000046 0.000039 0.000001 0.000006 0.000005 0.959212 0.027646 0.013040
0.000001 0.000001 0.000028 0.999042 0.000001 0.000763 0.000000 0.000004 0.000007 0.000153
0.000002 0.049646 0.000009 0.950188 0.000009 0.000000 0.000104 0.000000 0.000000 0.000041
0.000006 0.000210 0.000266 0.002909 0.973629 0.022961 0.000013 0.000003 0.000002 0.000001
0.000001 0.001010 0.000034 0.007917 0.000000 0.000000 0.000006 0.000002 0.000005 0.991025
0.003799 0.625975 0.000345 0.000023 0.000063 0.000000 0.369408 0.000000 0.000001 0.000386
0.002210 0.000059 0.000019 0.000043 0.968899 0.016337 0.001117 0.000386 0.010931 0.000001
0.000008 0.001671 0.002901 0.001464 0.000000 0.000000 0.000261 0.000000 0.000004 0.993690
0.000000 0.000018 0.002305 0.000284 0.000000 0.000002 0.000004 0.000007 0.000001 0.997379
0.000099 0.025519 0.000248 0.969629 0.000017 0.000000 0.004420 0.000001 0.000000 0.000067
0.000000 0.000000 0.000000 1.000000 0.000000 0.000000 0.000000 0.000000 0.000000 0.000000
0.995134 0.004734 0.000063 0.000000 0.000000 0.000000 0.000022 0.000000 0.000043 0.000002
0.000004 0.000001 0.000001 0.000552 0.000006 0.000000 0.000001 0.980456 0.018308 0.000671
0.000001 0.000000 0.000047 0.000000 0.000001 0.002866 0.000000 0.995488 0.000568 0.001030
0.000018 0.037624 0.008100 0.006414 0.000000 0.000000 0.942675 0.000001 0.000000 0.005167
0.000081 0.000514 0.003400 0.485163 0.000095 0.002029 0.508292 0.000021 0.000000 0.000405
0.000000 0.000000 0.000571 0.000000 0.000000 0.000000 0.000007 0.000000 0.000000 0.999421
0.000213 0.000018 0.001551 0.041870 0.005310 0.913194 0.032304 0.005496 0.000016 0.000027
0.000054 0.000007 0.379623 0.000054 0.000000 0.000116 0.001889 0.000040 0.000572 0.617645
0.003850 0.988849 0.005615 0.000057 0.000006 0.000000 0.001480 0.000000 0.000000 0.000144
0.000000 0.000000 0.000000 0.000001 0.000077 0.010818 0.000000 0.989102 0.000002 0.000000
0.000000 0.000000 0.000000 0.000001 0.000000 0.000000 0.000000 0.999990 0.000001 0.000008
0.000000 0.000000 0.000001 0.000008 0.000000 0.000002 0.000000 0.999932 0.000053 0.000003
0.088297 0.028641 0.678501 0.000871 0.011207 0.158248 0.027241 0.001548 0.000276 0.005170
0.000000 0.000000 0.000121 0.000000 0.000000 0.000000 0.000000 0.000058 0.000015 0.999805
0.000234 0.000001 0.000705 0.000010 0.009914 0.989048 0.000001 0.000060 0.000025 0.000002
0.000014 0.035299 0.099846 0.768139 0.000055 0.000019 0.001753 0.000006 0.000002 0.094867
0.000038 0.000969 0.272303 0.281228 0.086561 0.317715 0.016688 0.000373 0.000032 0.024093
0.000021 0.000591 0.024967 0.149832 0.000458 0.000497 0.000345 0.553186 0.000386 0.269717
0.001370 0.000253 0.330088 0.000093 0.150852 0.492904 0.000000 0.000133 0.024289 0.000017
0.000016 0.001862 0.000130 0.001513 0.995462 0.000924 0.000079 0.000012 0.000001 0.000001
0.000013 0.425722 0.000814 0.569818 0.000044 0.000000 0.000351 0.000012 0.000000 0.003225
0.000084 0.122596 0.003495 0.000129 0.090905 0.000045 0.782733 0.000000 0.000000 0.000012
0.000001 0.000000 0.000291 0.011750 0.000007 0.987935 0.000012 0.000002 0.000000 0.000002
0.000805 0.096486 0.005547 0.891923 0.002643 0.000176 0.001287 0.000258 0.000005 0.000870
0.000000 0.000001 0.000000 0.999984 0.000002 0.000013 0.000000 0.000000 0.000000 0.000000
0.016239 0.001402 0.004102 0.020985 0.009684 0.325926 0.000641 0.007580 0.304442 0.309000
0.000004 0.211310 0.000152 0.591929 0.000007 0.000000 0.000086 0.000000 0.000001 0.196511
0.000002 0.999956 0.000001 0.000032 0.000008 0.000000 0.000000 0.000000 0.000000 0.000001
0.000000 0.000000 0.000000 0.000004 0.000007 0.999989 0.000000 0.000000 0.000000 0.000000
0.000000 0.000073 0.000027 0.042880 0.000000 0.000000 0.956996 0.000000 0.000000 0.000024
0.000000 0.000000 0.000830 0.001033 0.000000 0.000000 0.000001 0.000203 0.000000 0.997933
0.000000 0.000000 0.997292 0.001828 0.000001 0.000827 0.000000 0.000004 0.000000 0.000048
0.000393 0.003033 0.003763 0.044181 0.000011 0.000004 0.947285 0.000003 0.000002 0.001324
0.000325 0.000357 0.510838 0.336463 0.000317 0.035048 0.000027 0.000932 0.009242 0.106452
0.000000 0.000000 0.000000 0.000002 0.000000 0.000000 0.000000 0.999997 0.000000 0.000001
0.009978 0.001137 0.066925 0.000037 0.000033 0.000041 0.007702 0.005369 0.042846 0.865930
0.000000 0.000003 0.000000 0.000028 0.000000 0.000000 0.999967 0.000000 0.000000 0.000001
0.002689 0.000056 0.002180 0.000031 0.010743 0.013755 0.000861 0.001384 0.965511 0.002789
0.000000 0.000002 0.000000 0.000008 0.000000 0.000000 0.999990 0.000000 0.000000 0.000000
0.000311 0.006300 0.001994 0.010780 0.948745 0.005229 0.026133 0.000286 0.000008 0.000215
0.000784 0.000170 0.676687 0.000460 0.000183 0.000237 0.137030 0.168637 0.005249 0.010563
0.108610 0.370982 0.155394 0.028016 0.009381 0.000645 0.000511 0.282149 0.004230 0.040082
0.000009 0.000000 0.000064 0.000095 0.009718 0.990098 0.000000 0.000012 0.000004 0.000000
0.002520 0.000021 0.039153 0.000000 0.000001 0.000005 0.000151 0.000280 0.888024 0.069845
0.964372 0.000107 0.000047 0.000008 0.000001 0.000684 0.000109 0.000061 0.031383 0.003227
0.000000 0.000000 0.000003 0.000000 0.000000 0.000000 0.000000 0.000896 0.999063 0.000038
0.000000 0.000198 0.000000 0.999800 0.000001 0.000000 0.000000 0.000000 0.000000 0.000000
0.000000 0.000000 0.000105 0.002216 0.000000 0.000022 0.000055 0.000003 0.000000 0.997599
0.000002 0.000015 0.000151 0.032205 0.000004 0.000005 0.967397 0.000191 0.000000 0.000031
0.000040 0.000262 0.035723 0.029729 0.000027 0.000711 0.000021 0.000138 0.012851 0.920498
0.000000 0.000008 0.019172 0.246267 0.000001 0.000027 0.000229 0.002212 0.000002 0.732081
0.000031 0.001319 0.000030 0.966645 0.000386 0.000122 0.031415 0.000044 0.000000 0.000006
0.007283 0.000329 0.001676 0.392220 0.001373 0.579624 0.017187 0.000101 0.000025 0.000184
0.000004 0.000023 0.666617 0.000035 0.000002 0.000068 0.000021 0.000000 0.000011 0.333219
0.000190 0.000000 0.000002 0.000035 0.004099 0.990521 0.000028 0.005088 0.000035 0.000001
0.000000 0.000000 0.000019 0.000095 0.000000 0.000014 0.000047 0.956234 0.000003 0.043587
0.019801 0.338144 0.001499 0.014018 0.624720 0.001154 0.000542 0.000004 0.000110 0.000009
0.000000 0.010647 0.000008 0.004336 0.000000 0.000000 0.984766 0.000000 0.000000 0.000242
0.000092 0.000209 0.198340 0.000403 0.000003 0.000023 0.001905 0.001770 0.000210 0.797045
0.232253 0.041874 0.049955 0.008527 0.014987 0.100248 0.368629 0.004193 0.006168 0.173166
0.001961 0.004159 0.000974 0.548604 0.000261 0.000161 0.001405 0.409859 0.000172 0.032444
0.009547 0.605868 0.091140 0.261705 0.009156 0.014467 0.006964 0.000028 0.000033 0.001092
0.000002 0.000011 0.003249 0.942905 0.000001 0.044179 0.000007 0.000000 0.000000 0.009645
0.000055 0.000020 0.042863 0.017107 0.001835 0.163633 0.728933 0.004237 0.000006 0.041312
0.000701 0.027823 0.014761 0.954831 0.000005 0.000095 0.000078 0.000000 0.000003 0.001703
0.000001 0.000000 0.000000 0.000000 0.000000 0.006260 0.000000 0.993578 0.000160 0.000000
0.000022 0.000004 0.000288 0.000535 0.367372 0.630124 0.000004 0.001629 0.000017 0.000004
0.000000 0.000001 0.000000 0.999999 0.000000 0.000000 0.000000 0.000000 0.000000 0.000000
0.000006 0.000490 0.697374 0.009277 0.248350 0.044447 0.000003 0.000039 0.000001 0.000014
0.074709 0.061984 0.000328 0.558890 0.000167 0.001250 0.181450 0.001303 0.004475 0.115443
0.000002 0.000000 0.003419 0.000046 0.000079 0.996361 0.000000 0.000084 0.000003 0.000007
0.000062 0.000011 0.000472 0.000056 0.000003 0.000034 0.999319 0.000029 0.000000 0.000014
0.000005 0.000133 0.004054 0.001977 0.000195 0.000007 0.000010 0.982953 0.000030 0.010637
0.000002 0.000000 0.000000 0.000000 0.000000 0.000000 0.000000 0.000000 0.999997 0.000001
0.017063 0.054999 0.008346 0.003186 0.672201 0.093582 0.148539 0.001824 0.000029 0.000232
0.000634 0.000154 0.000344 0.000000 0.000000 0.000000 0.028017 0.000468 0.016591 0.953793
0.000000 0.000000 0.045894 0.000000 0.000000 0.954103 0.000000 0.000000 0.000000 0.000001
0.000026 0.076384 0.005116 0.658506 0.000014 0.000002 0.002173 0.000001 0.000002 0.257776
0.000000 0.000001 0.999349 0.000019 0.000003 0.000064 0.000042 0.000002 0.000000 0.000519
0.002434 0.004350 0.001487 0.083025 0.000361 0.043166 0.865090 0.000003 0.000000 0.000083
0.953648 0.001381 0.000500 0.000233 0.001448 0.002803 0.000089 0.029026 0.010799 0.000073
0.002495 0.000009 0.002004 0.000003 0.000100 0.002784 0.000194 0.991653 0.000093 0.000665
0.015622 0.001785 0.000713 0.002784 0.637852 0.334558 0.002003 0.000585 0.004080 0.000018
0.000000 0.000000 0.000000 0.000000 0.000000 0.000000 0.999999 0.000000 0.000000 0.000001
0.001102 0.000009 0.002774 0.000013 0.058285 0.937505 0.000010 0.000074 0.000225 0.000002
0.001950 0.041106 0.004072 0.028091 0.333652 0.004704 0.001459 0.583657 0.000137 0.001171
0.000000 0.000001 0.011407 0.001894 0.000002 0.000083 0.000000 0.003593 0.000081 0.982938
0.000000 0.000000 0.000000 0.999999 0.000000 0.000001 0.000000 0.000000 0.000000 0.000000
0.000000 0.000000 0.000011 0.999948 0.000000 0.000007 0.000017 0.000005 0.000000 0.000011
0.000000 0.000000 0.000000 0.000072 0.000000 0.000000 0.000000 0.000000 0.000002 0.999924
0.000037 0.004480 0.027984 0.786302 0.000002 0.000002 0.173975 0.000015 0.000000 0.007203
0.000014 0.000409 0.000065 0.967498 0.001273 0.002569 0.028105 0.000052 0.000000 0.000016
0.000002 0.000002 0.000032 0.999915 0.000000 0.000007 0.000007 0.000031 0.000000 0.000004
0.000000 0.000006 0.000002 0.999991 0.000001 0.000000 0.000001 0.000000 0.000000 0.000000
0.000019 0.000028 0.001398 0.876018 0.000134 0.002070 0.016774 0.103442 0.000001 0.000116
0.003742 0.000000 0.000016 0.000232 0.002240 0.369852 0.000042 0.623582 0.000294 0.000001
0.000001 0.000021 0.000001 0.000024 0.000000 0.000000 0.999880 0.000001 0.000000 0.000071
0.001112 0.000289 0.193587 0.000048 0.001071 0.004952 0.304433 0.003790 0.000118 0.490601
0.001194 0.000532 0.001148 0.008151 0.000239 0.000215 0.007253 0.008675 0.940698 0.031895
0.000778 0.036592 0.000057 0.877077 0.000339 0.000088 0.075928 0.001588 0.000012 0.007540
0.000041 0.997598 0.000313 0.001356 0.000498 0.000000 0.000083 0.000003 0.000000 0.000107
0.000003 0.002391 0.002647 0.520822 0.000008 0.000017 0.000138 0.000081 0.000041 0.473853
0.002004 0.182332 0.016265 0.531077 0.176781 0.082389 0.005648 0.000105 0.000242 0.003157
0.000004 0.000890 0.001636 0.937174 0.000001 0.000024 0.010243 0.000001 0.000000 0.050027
0.000002 0.000000 0.000001 0.000102 0.000001 0.975982 0.000077 0.023834 0.000000 0.000000
0.000003 0.000003 0.000002 0.000000 0.000002 0.000002 0.999946 0.000000 0.000000 0.000042
0.000004 0.000008 0.000035 0.551376 0.000353 0.378202 0.069975 0.000003 0.000000 0.000045
0.000077 0.000061 0.001571 0.000808 0.403827 0.593580 0.000004 0.000043 0.000024 0.000005
0.000053 0.000000 0.000005 0.000000 0.000099 0.554555 0.000000 0.444996 0.000290 0.000002
0.000002 0.000030 0.000004 0.999839 0.000069 0.000045 0.000000 0.000001 0.000007 0.000001
0.000000 0.000000 0.000001 0.000069 0.000002 0.000005 0.000000 0.992322 0.007446 0.000155
0.020071 0.000567 0.938351 0.000336 0.000215 0.001423 0.005751 0.015236 0.015576 0.002474
0.001953 0.000217 0.009762 0.072738 0.004211 0.910886 0.000008 0.000031 0.000003 0.000190
0.024252 0.069977 0.497362 0.314510 0.009371 0.040112 0.022583 0.008343 0.000315 0.013175
0.000190 0.000020 0.000013 0.000205 0.000002 0.000000 0.000000 0.000663 0.997463 0.001444
0.000001 0.000000 0.000239 0.000116 0.000036 0.999604 0.000000 0.000001 0.000000 0.000004
0.000000 0.000000 0.763707 0.000000 0.000000 0.000019 0.000000 0.000168 0.000009 0.236096
0.000484 0.001611 0.000228 0.948350 0.000004 0.000005 0.000001 0.000758 0.000444 0.048116
0.000001 0.000894 0.031892 0.505221 0.000043 0.000053 0.000049 0.000093 0.000006 0.461748
0.000108 0.003341 0.010700 0.655116 0.000010 0.000037 0.298050 0.000425 0.000006 0.032206
0.000190 0.000011 0.000059 0.000007 0.000000 0.000001 0.000005 0.206312 0.110339 0.683077
0.000229 0.090317 0.001489 0.650007 0.000141 0.000006 0.256924 0.000113 0.000000 0.000774
0.000056 0.001991 0.390840 0.031753 0.000010 0.000014 0.000308 0.053728 0.000121 0.521181
0.041297 0.002139 0.439606 0.000117 0.000016 0.000731 0.516064 0.000005 0.000000 0.000024
0.007353 0.004732 0.001028 0.369943 0.058627 0.452040 0.100051 0.001679 0.000631 0.003915
0.000010 0.001013 0.057844 0.137303 0.000036 0.000011 0.437371 0.012058 0.000018 0.354336
0.000001 0.000000 0.000099 0.000025 0.000008 0.999851 0.000000 0.000007 0.000000 0.000008
0.000615 0.000244 0.000199 0.044014 0.000013 0.000072 0.954823 0.000017 0.000000 0.000002
0.007496 0.042112 0.635885 0.042203 0.197456 0.066481 0.002225 0.002588 0.000679 0.002877
0.000249 0.995637 0.000015 0.002218 0.001743 0.000002 0.000002 0.000002 0.000000 0.000133
0.000000 0.000000 0.000000 1.000000 0.000000 0.000000 0.000000 0.000000 0.000000 0.000000
0.000037 0.000032 0.000088 0.001662 0.000025 0.000247 0.997904 0.000002 0.000000 0.000002
0.000000 0.000000 0.000006 0.000000 0.000000 0.000000 0.000000 0.999831 0.000043 0.000119
0.022038 0.901281 0.035756 0.013892 0.009445 0.016259 0.000562 0.000008 0.000326 0.000433
0.990342 0.001423 0.003819 0.000006 0.000018 0.000503 0.000066 0.000289 0.002730 0.000803
0.000125 0.008547 0.090614 0.846141 0.044648 0.008283 0.000006 0.001307 0.000007 0.000321
0.017100 0.110646 0.007592 0.000256 0.001278 0.000033 0.859038 0.000480 0.000024 0.003552
0.000000 0.000026 0.000000 0.999965 0.000001 0.000000 0.000001 0.000000 0.000000 0.000006
0.000002 0.000000 0.000009 0.000337 0.000003 0.000028 0.001470 0.998104 0.000041 0.000006
0.000000 0.000000 0.000000 1.000000 0.000000 0.000000 0.000000 0.000000 0.000000 0.000000
0.000000 0.000000 0.000008 0.000003 0.000000 0.000000 0.000000 0.995615 0.001091 0.003283
0.000262 0.442412 0.011526 0.004491 0.540764 0.000420 0.000101 0.000004 0.000009 0.000011
0.000000 0.000000 0.000277 0.000000 0.000000 0.000007 0.000025 0.000129 0.000001 0.999561
0.000000 0.000000 0.000000 0.000002 0.000000 0.000000 0.999998 0.000000 0.000000 0.000000
0.000000 0.000121 0.000019 0.999846 0.000003 0.000000 0.000000 0.000007 0.000000 0.000003
0.000008 0.000399 0.000052 0.999403 0.000023 0.000001 0.000110 0.000000 0.000000 0.000003
0.002398 0.000001 0.000159 0.000003 0.000046 0.007373 0.000001 0.002593 0.987054 0.000371
0.000000 0.000000 0.000001 0.999999 0.000000 0.000000 0.000000 0.000000 0.000000 0.000000
0.005199 0.006214 0.003079 0.002856 0.725295 0.135165 0.122167 0.000005 0.000019 0.000000
0.000003 0.000221 0.000805 0.451696 0.000000 0.000000 0.000001 0.015497 0.006593 0.525184
0.000000 0.000004 0.000010 0.000000 0.000000 0.000000 0.000010 0.000000 0.000000 0.999975
0.004003 0.000025 0.082550 0.091474 0.000438 0.742902 0.000001 0.078322 0.000255 0.000031
0.000030 0.000001 0.000257 0.994500 0.000002 0.004927 0.000004 0.000219 0.000007 0.000055
0.000000 0.000032 0.000451 0.988235 0.000005 0.000006 0.000008 0.000002 0.000002 0.011258
0.000190 0.000000 0.000001 0.000002 0.000001 0.000042 0.000001 0.999728 0.000037 0.000000
0.000178 0.000014 0.003905 0.115842 0.006841 0.872953 0.000003 0.000158 0.000097 0.000010
0.000004 0.000027 0.000007 0.001099 0.000003 0.000004 0.998838 0.000004 0.000000 0.000015
0.000046 0.000000 0.000389 0.000107 0.064297 0.081792 0.000003 0.853318 0.000048 0.000001
0.107004 0.000225 0.034262 0.000599 0.000246 0.727436 0.001509 0.004610 0.004906 0.119202
0.000018 0.000012 0.000061 0.167234 0.502984 0.329636 0.000041 0.000014 0.000002 0.000000
0.000003 0.002881 0.005788 0.434633 0.553779 0.002745 0.000157 0.000013 0.000000 0.000002
0.000006 0.000000 0.000000 0.000001 0.000007 0.000005 0.000001 0.995405 0.004454 0.000120
0.000003 0.000003 0.039318 0.000069 0.000005 0.000203 0.000218 0.001879 0.000052 0.958249
0.000004 0.000000 0.000301 0.003273 0.000086 0.996329 0.000000 0.000007 0.000000 0.000000
0.000000 0.001111 0.000000 0.995758 0.003127 0.000003 0.000000 0.000000 0.000000 0.000000
0.000100 0.000020 0.014488 0.194098 0.021308 0.306549 0.000062 0.461764 0.000185 0.001426
0.000048 0.000012 0.002257 0.013171 0.000427 0.003819 0.000000 0.975866 0.003576 0.000824
0.000000 0.000001 0.000043 0.999301 0.000000 0.000003 0.000037 0.000003 0.000000 0.000611
0.000109 0.000003 0.000003 0.000027 0.000000 0.000007 0.999813 0.000022 0.000000 0.000017
0.000192 0.000572 0.000003 0.000168 0.000008 0.000003 0.995815 0.000046 0.000011 0.003183
0.000442 0.686339 0.003285 0.009574 0.000006 0.000000 0.242645 0.000003 0.000000 0.057706
0.000085 0.000000 0.003620 0.000000 0.000080 0.023649 0.000000 0.880599 0.063518 0.028448
0.000008 0.000269 0.056785 0.934495 0.000499 0.007459 0.000004 0.000015 0.000021 0.000446
0.002812 0.000002 0.075929 0.000003 0.000431 0.113814 0.000026 0.002825 0.803614 0.000546
0.002637 0.000149 0.000268 0.061567 0.086959 0.187982 0.000005 0.000388 0.660033 0.000011
0.000000 0.000000 0.000000 0.000000 0.000000 0.000000 0.000000 0.000000 0.000001 0.999999
0.000000 0.000049 0.000752 0.999172 0.000012 0.000001 0.000001 0.000003 0.000000 0.000009
0.000000 0.000000 0.000000 0.000001 0.000000 0.000000 0.999999 0.000000 0.000000 0.000000
0.000001 0.000004 0.001369 0.304801 0.000015 0.000024 0.000814 0.679218 0.000028 0.013725
0.000005 0.000046 0.000373 0.999274 0.000013 0.000043 0.000008 0.000230 0.000000 0.000006
0.000043 0.000041 0.000069 0.017880 0.089777 0.296951 0.595230 0.000008 0.000000 0.000001
0.001143 0.989291 0.000342 0.005678 0.003279 0.000034 0.000216 0.000004 0.000001 0.000012
0.004713 0.000135 0.000124 0.000033 0.150429 0.844470 0.000008 0.000023 0.000061 0.000004
0.000222 0.000001 0.003225 0.108497 0.000101 0.316842 0.336841 0.206460 0.000259 0.027551
0.000028 0.018695 0.001305 0.375186 0.000271 0.000024 0.604477 0.000000 0.000000 0.000014
0.000079 0.000002 0.000017 0.016535 0.000011 0.000120 0.000056 0.983093 0.000019 0.000068
0.000006 0.000010 0.000390 0.970801 0.004398 0.021911 0.002210 0.000274 0.000000 0.000001
0.000214 0.001349 0.001406 0.000055 0.000025 0.000004 0.991619 0.000016 0.000001 0.005313
0.000231 0.000950 0.587266 0.017917 0.000000 0.000016 0.000031 0.000047 0.000310 0.393232
0.000005 0.000000 0.000001 0.000001 0.000002 0.000002 0.000000 0.004637 0.995351 0.000002
0.000000 0.000000 0.000000 1.000000 0.000000 0.000000 0.000000 0.000000 0.000000 0.000000
0.000738 0.937720 0.000149 0.060330 0.000873 0.000010 0.000024 0.000014 0.000001 0.000140
0.000000 0.000001 0.000000 0.999996 0.000000 0.000000 0.000000 0.000002 0.000000 0.000000
0.000000 0.000001 0.000246 0.000000 0.000000 0.000000 0.000000 0.998760 0.000001 0.000992
0.000000 0.000000 0.000000 1.000000 0.000000 0.000000 0.000000 0.000000 0.000000 0.000000
0.000001 0.003198 0.000006 0.006771 0.000000 0.000000 0.990019 0.000000 0.000000 0.000004
0.000000 0.000000 0.000012 0.000000 0.000003 0.999329 0.000000 0.000636 0.000000 0.000019
0.000049 0.000000 0.000727 0.000008 0.000160 0.998974 0.000000 0.000066 0.000011 0.000004
0.013065 0.550081 0.008829 0.260701 0.000025 0.000000 0.157279 0.000267 0.000015 0.009737
0.031290 0.002881 0.012941 0.001796 0.000136 0.000196 0.000486 0.020751 0.373751 0.555773
0.000000 0.000000 0.000001 0.995116 0.000004 0.001380 0.003489 0.000000 0.000000 0.000009
0.000000 0.000000 0.000017 0.000000 0.000000 0.000000 0.000000 0.000000 0.000000 0.999983
0.000016 0.002202 0.001388 0.904534 0.000113 0.000961 0.090779 0.000001 0.000000 0.000005
0.000732 0.000019 0.058130 0.045118 0.000172 0.895260 0.000003 0.000471 0.000005 0.000091
0.000000 0.000000 0.000000 0.000000 0.000002 0.999998 0.000000 0.000000 0.000000 0.000000
0.000004 0.022166 0.000017 0.975366 0.000003 0.000000 0.002404 0.000000 0.000000 0.000040
0.000034 0.000047 0.005207 0.012828 0.725854 0.248524 0.000013 0.005157 0.001316 0.001020
0.000073 0.000000 0.000001 0.000063 0.000010 0.000049 0.000073 0.794401 0.205186 0.000143
0.000132 0.001921 0.008949 0.068162 0.003480 0.887198 0.016579 0.000080 0.000004 0.013496
0.000000 0.000001 0.999976 0.000000 0.000000 0.000000 0.000002 0.000000 0.000000 0.000021
0.067445 0.894304 0.000290 0.011644 0.000138 0.000002 0.010847 0.000062 0.001693 0.013577
0.000000 0.000009 0.000001 0.024634 0.000000 0.000000 0.975347 0.000002 0.000000 0.000006
0.598620 0.171600 0.005490 0.000569 0.185224 0.028611 0.000194 0.000169 0.008064 0.001460
0.000303 0.001821 0.001622 0.069678 0.000188 0.000403 0.925973 0.000008 0.000000 0.000004
0.000438 0.000006 0.000051 0.000016 0.000002 0.000041 0.000007 0.002647 0.992677 0.004116
0.000000 0.000005 0.000000 0.999989 0.000000 0.000000 0.000002 0.000003 0.000000 0.000001
0.004155 0.019706 0.301486 0.087604 0.016903 0.090645 0.477525 0.000416 0.000009 0.001551
0.000002 0.000163 0.000001 0.047749 0.000000 0.000000 0.952037 0.000001 0.000000 0.000046
0.002714 0.559130 0.001586 0.421436 0.009523 0.000549 0.000217 0.000007 0.000027 0.004812
0.000000 0.000000 0.000000 0.000000 0.000000 0.000000 0.000000 0.999998 0.000001 0.000001
0.000005 0.000733 0.000014 0.000016 0.000001 0.000000 0.999219 0.000000 0.000000 0.000013
0.000196 0.030552 0.000798 0.881921 0.002565 0.000023 0.004943 0.004726 0.000016 0.074260
0.000001 0.000090 0.000585 0.315512 0.000000 0.000015 0.000013 0.000001 0.000006 0.683777
0.001437 0.978747 0.001366 0.000213 0.000101 0.000000 0.018005 0.000001 0.000001 0.000130
0.035997 0.000454 0.000253 0.911242 0.001097 0.011433 0.003075 0.036361 0.000074 0.000014
0.023727 0.950136 0.005004 0.001353 0.000152 0.000004 0.019617 0.000000 0.000001 0.000008
0.001264 0.000053 0.008596 0.000125 0.012459 0.925781 0.003882 0.044187 0.000141 0.003511
0.000000 0.000000 0.000093 0.000000 0.000002 0.999905 0.000000 0.000000 0.000000 0.000000
0.000000 0.000533 0.000003 0.999454 0.000003 0.000000 0.000004 0.000000 0.000000 0.000003
0.000002 0.000009 0.915746 0.013493 0.000002 0.001880 0.000172 0.000006 0.000005 0.068686
0.000027 0.000023 0.001101 0.002864 0.000005 0.000009 0.004838 0.902708 0.000326 0.088100
0.000009 0.000000 0.000000 0.000000 0.000000 0.000000 0.000000 0.000845 0.999106 0.000039
0.000000 0.000000 0.000001 0.000000 0.000000 0.000000 0.000000 0.000000 0.000000 0.999999
0.000022 0.000258 0.000150 0.052014 0.939915 0.006486 0.000000 0.000154 0.000999 0.000002
0.007025 0.002935 0.008290 0.000240 0.000002 0.000015 0.585455 0.000008 0.000022 0.396008
0.000775 0.003550 0.332851 0.499613 0.004173 0.122119 0.002768 0.003772 0.000608 0.029770
0.000000 0.000002 0.000001 0.000031 0.000000 0.000000 0.999964 0.000000 0.000000 0.000002
0.000229 0.000497 0.021014 0.000300 0.000001 0.000001 0.002296 0.025637 0.010579 0.939445
0.000000 0.001533 0.000890 0.943055 0.000000 0.000000 0.015091 0.000001 0.000000 0.039429
0.000182 0.000159 0.187216 0.221747 0.002764 0.076398 0.000101 0.412830 0.000724 0.097878
0.000000 0.000000 0.000001 0.000577 0.000000 0.000000 0.000004 0.000117 0.000014 0.999286
0.000940 0.000421 0.000047 0.680351 0.010680 0.004498 0.000010 0.005809 0.297148 0.000096
0.000811 0.000347 0.901998 0.000009 0.001786 0.025651 0.069369 0.000004 0.000000 0.000025
0.000020 0.000000 0.010187 0.000000 0.000070 0.989640 0.000000 0.000065 0.000004 0.000013
0.000000 0.000000 0.000009 0.084660 0.000065 0.915245 0.000021 0.000000 0.000000 0.000000
0.000492 0.001153 0.003475 0.950483 0.000059 0.016376 0.027702 0.000036 0.000000 0.000224
0.000000 0.000000 0.000193 0.006503 0.000000 0.000000 0.000122 0.991846 0.000006 0.001330
0.000200 0.981820 0.001076 0.000024 0.000000 0.000000 0.014389 0.000000 0.000000 0.002490
0.000673 0.175100 0.030755 0.081496 0.340149 0.004685 0.351481 0.002385 0.000012 0.013263
0.000001 0.000007 0.011871 0.335353 0.000047 0.643812 0.000001 0.000004 0.000000 0.008905
0.000336 0.030859 0.180017 0.725318 0.000183 0.001113 0.039734 0.000005 0.000007 0.022429
0.000127 0.006287 0.000555 0.000025 0.000042 0.000000 0.992703 0.000001 0.000000 0.000261
0.046714 0.896036 0.000666 0.000153 0.000114 0.000002 0.053451 0.000005 0.000037 0.002823
0.000047 0.001390 0.000648 0.000054 0.000001 0.000000 0.997811 0.000000 0.000000 0.000049
0.000045 0.984646 0.000094 0.000590 0.014618 0.000000 0.000003 0.000001 0.000000 0.000001
0.000000 0.000000 0.000370 0.565370 0.000000 0.000002 0.000001 0.434248 0.000001 0.000007
0.000011 0.000002 0.000117 0.000366 0.665374 0.334002 0.000000 0.000028 0.000099 0.000001
0.006972 0.002469 0.140447 0.000205 0.000010 0.000023 0.000007 0.075752 0.003841 0.770274
0.000000 0.000000 0.000000 0.000002 0.000000 0.000000 0.000000 0.999998 0.000000 0.000000
0.000029 0.000423 0.000563 0.922620 0.001902 0.073823 0.000638 0.000000 0.000000 0.000002
0.000094 0.000071 0.000159 0.990782 0.000351 0.008496 0.000013 0.000022 0.000004 0.000007
0.010252 0.679984 0.002245 0.000030 0.000119 0.000001 0.000662 0.000157 0.000164 0.306384
0.000125 0.005123 0.029259 0.050293 0.000048 0.000049 0.006749 0.021116 0.000006 0.887231
0.008200 0.000007 0.002857 0.000001 0.003899 0.984754 0.000091 0.000118 0.000062 0.000010
0.000080 0.129562 0.009216 0.002483 0.000004 0.000000 0.835076 0.000000 0.000000 0.023580
0.000000 0.000000 0.000004 0.000001 0.000005 0.999988 0.000000 0.000003 0.000000 0.000000
0.000014 0.000000 0.000027 0.000014 0.000000 0.000001 0.000002 0.991785 0.000154 0.008001
0.000357 0.000008 0.000078 0.000074 0.792912 0.167722 0.000003 0.000318 0.038509 0.000018
0.000129 0.000004 0.000041 0.000427 0.000193 0.001384 0.000124 0.994522 0.000233 0.002943
0.000000 0.000001 0.001138 0.105078 0.000000 0.000017 0.000005 0.000004 0.000007 0.893749
0.003001 0.001087 0.001404 0.000051 0.000791 0.000075 0.004187 0.777262 0.007139 0.205003
0.001409 0.000003 0.000143 0.000207 0.000300 0.997907 0.000024 0.000005 0.000002 0.000001
0.007386 0.001350 0.980541 0.002719 0.000080 0.004982 0.000921 0.000107 0.000029 0.001884
0.007339 0.000062 0.967789 0.000050 0.000307 0.015635 0.000016 0.000771 0.006393 0.001637
0.000032 0.000004 0.000226 0.000469 0.003623 0.995356 0.000280 0.000009 0.000000 0.000001
0.944484 0.005566 0.000056 0.000006 0.016087 0.002500 0.000296 0.000345 0.030493 0.000167
0.000405 0.000064 0.010634 0.056124 0.000022 0.000993 0.000001 0.002477 0.909944 0.019336
0.000003 0.006879 0.000031 0.012165 0.000062 0.000001 0.980858 0.000000 0.000000 0.000001
0.000212 0.000000 0.000003 0.000003 0.001095 0.000522 0.000000 0.012037 0.986099 0.000029
0.000016 0.000041 0.019968 0.000010 0.000000 0.000001 0.000438 0.000036 0.000016 0.979473
0.008601 0.232237 0.020213 0.010512 0.001131 0.000141 0.051373 0.169810 0.000168 0.505815
0.000009 0.000003 0.001348 0.001771 0.008033 0.988463 0.000001 0.000302 0.000032 0.000037
0.000123 0.000873 0.003722 0.000000 0.000000 0.000000 0.000068 0.000002 0.000029 0.995183
0.000157 0.000101 0.817676 0.000048 0.098704 0.065953 0.000012 0.009647 0.001412 0.006290
0.000017 0.000000 0.000214 0.000105 0.000910 0.998698 0.000003 0.000048 0.000003 0.000001
0.000014 0.000045 0.000647 0.911690 0.000002 0.000065 0.000004 0.001098 0.005837 0.080598
0.000001 0.000000 0.003652 0.000000 0.000000 0.000001 0.000000 0.000047 0.000042 0.996257
0.000001 0.000005 0.000023 0.000616 0.000001 0.000009 0.999209 0.000005 0.000000 0.000131
0.000279 0.000006 0.000054 0.000000 0.000022 0.000004 0.000003 0.000072 0.999396 0.000163
0.000103 0.000015 0.000008 0.000210 0.826339 0.173138 0.000147 0.000016 0.000021 0.000001
0.000150 0.000003 0.000148 0.000817 0.006563 0.086679 0.000201 0.905421 0.000013 0.000006
0.000026 0.000000 0.000001 0.382065 0.000070 0.000689 0.000001 0.592158 0.024963 0.000027
0.000000 0.000000 0.000013 0.000000 0.000000 0.000000 0.000001 0.000001 0.000001 0.999985
0.001951 0.000546 0.262551 0.008930 0.002503 0.265152 0.000925 0.013548 0.000227 0.443668
0.417707 0.579887 0.000654 0.000009 0.000388 0.000005 0.001072 0.000089 0.000031 0.000157
0.000000 0.000000 0.000826 0.000000 0.000000 0.000000 0.000000 0.000035 0.000001 0.999138
0.003135 0.000034 0.003559 0.000008 0.000048 0.000267 0.000023 0.992216 0.000209 0.000500
0.000000 0.000000 0.000004 0.998776 0.000002 0.000354 0.000000 0.000344 0.000003 0.000517
0.000000 0.000000 0.001846 0.007461 0.000029 0.220507 0.000001 0.767378 0.000003 0.002773
0.002927 0.332572 0.639359 0.000191 0.015648 0.000024 0.000105 0.000070 0.001768 0.007336
0.002841 0.143087 0.000773 0.166842 0.594588 0.003907 0.086504 0.000012 0.000097 0.001350
0.003844 0.015248 0.002860 0.960860 0.000197 0.000069 0.000456 0.010600 0.000136 0.005731
0.001076 0.000001 0.000030 0.000079 0.446815 0.390503 0.000088 0.145251 0.016157 0.000000
0.000229 0.000000 0.000013 0.011688 0.000013 0.010206 0.000026 0.976747 0.000910 0.000169
0.000007 0.000088 0.000573 0.000043 0.000000 0.000000 0.247324 0.000008 0.000001 0.751957
0.000000 0.000002 0.000000 0.000000 0.000000 0.000000 0.999997 0.000000 0.000000 0.000000
0.000000 0.000013 0.000035 0.999941 0.000000 0.000000 0.000001 0.000002 0.000000 0.000008
0.000002 0.000000 0.000005 0.000004 0.000000 0.000003 0.000000 0.999834 0.000099 0.000053
0.001750 0.000273 0.004180 0.000150 0.000021 0.000012 0.000010 0.008128 0.975097 0.010379
0.000000 0.000002 0.000097 0.000000 0.000000 0.000000 0.000008 0.000000 0.000000 0.999892
0.000029 0.000006 0.000046 0.000011 0.728631 0.271258 0.000001 0.000010 0.000007 0.000000
0.009193 0.000068 0.001279 0.000991 0.000015 0.000073 0.000037 0.002172 0.985273 0.000898
0.000009 0.000170 0.998314 0.000166 0.000139 0.000450 0.000141 0.000018 0.000001 0.000590
0.002761 0.000364 0.876229 0.000005 0.029043 0.043956 0.000081 0.016618 0.006083 0.024861
0.000006 0.000169 0.000027 0.999503 0.000072 0.000008 0.000207 0.000005 0.000000 0.000004
0.000001 0.000155 0.000054 0.999009 0.000259 0.000360 0.000079 0.000000 0.000000 0.000083
0.017339 0.081335 0.000071 0.896573 0.001269 0.000041 0.000046 0.002530 0.000512 0.000283
0.002250 0.002642 0.000237 0.975946 0.000250 0.002924 0.014868 0.000040 0.000068 0.000774
0.001706 0.000034 0.000018 0.000001 0.075916 0.922027 0.000013 0.000237 0.000041 0.000007
0.000012 0.243129 0.000040 0.756773 0.000043 0.000000 0.000001 0.000000 0.000000 0.000002
0.000067 0.000000 0.015132 0.000000 0.000119 0.984558 0.000001 0.000101 0.000009 0.000013
0.000390 0.000340 0.024641 0.959449 0.000200 0.006900 0.000067 0.003494 0.000066 0.004453
0.001080 0.020554 0.099174 0.322985 0.198533 0.346048 0.000139 0.009353 0.000079 0.002055
0.002801 0.003268 0.000210 0.000021 0.022677 0.000233 0.970015 0.000701 0.000035 0.000040
0.000000 0.000269 0.000294 0.002985 0.000043 0.000001 0.996053 0.000004 0.000000 0.000352
0.000177 0.000009 0.000137 0.000117 0.002499 0.002176 0.000188 0.994500 0.000006 0.000191
0.000001 0.000002 0.136734 0.001426 0.000000 0.000003 0.000002 0.021639 0.000003 0.840190
0.000000 0.000000 0.000001 0.000014 0.000004 0.999979 0.000000 0.000001 0.000000 0.000000
0.004158 0.559947 0.016723 0.021386 0.006637 0.000885 0.378187 0.000218 0.000001 0.011858
0.001210 0.005082 0.017847 0.016070 0.000065 0.000322 0.853001 0.005164 0.000014 0.101224
0.000007 0.000000 0.000000 0.000000 0.000000 0.000000 0.000000 0.000001 0.999972 0.000020
0.055097 0.876166 0.012508 0.054126 0.000559 0.000028 0.000908 0.000029 0.000026 0.000555
0.003722 0.022725 0.370614 0.021739 0.020683 0.001408 0.000823 0.099981 0.043283 0.415022
0.000001 0.000075 0.342030 0.000080 0.000032 0.000010 0.002336 0.000011 0.000003 0.655422
0.000007 0.069965 0.000038 0.005490 0.000007 0.000000 0.873221 0.000002 0.000000 0.051269
0.000000 0.000000 0.000000 1.000000 0.000000 0.000000 0.000000 0.000000 0.000000 0.000000
0.000000 0.000000 0.000084 0.000012 0.000000 0.000000 0.000000 0.379139 0.000008 0.620757
0.000000 0.000001 0.000001 0.999999 0.000000 0.000000 0.000000 0.000000 0.000000 0.000000
0.000194 0.000394 0.000057 0.331889 0.000876 0.062751 0.602243 0.001240 0.000000 0.000356
0.000011 0.000000 0.002446 0.000002 0.000004 0.997532 0.000000 0.000004 0.000000 0.000001
0.000117 0.002592 0.025339 0.963585 0.000064 0.002169 0.000468 0.000379 0.000000 0.005288
0.000011 0.017974 0.010626 0.010562 0.000001 0.000001 0.084573 0.000002 0.000000 0.876248
0.000002 0.000002 0.000155 0.009739 0.000000 0.000001 0.000000 0.000542 0.932842 0.056717
0.000005 0.000000 0.000012 0.000048 0.740669 0.259188 0.000000 0.000041 0.000036 0.000000
0.000007 0.000009 0.001292 0.054408 0.076554 0.867708 0.000005 0.000013 0.000003 0.000001
0.000002 0.000000 0.000000 0.000000 0.000000 0.000000 0.000000 0.000002 0.999994 0.000002
0.000000 0.000000 0.000021 0.000000 0.000000 0.000000 0.000000 0.999895 0.000000 0.000084
0.000007 0.000009 0.062565 0.569799 0.000009 0.314016 0.000005 0.000155 0.000004 0.053431
0.003529 0.313337 0.400445 0.187282 0.065039 0.002305 0.000342 0.017381 0.000793 0.009546
0.000010 0.000005 0.009209 0.000004 0.000000 0.000003 0.000024 0.000117 0.000521 0.990107
0.000000 0.000000 0.000274 0.000302 0.000000 0.000000 0.000000 0.000256 0.000002 0.999166
0.004385 0.000226 0.009592 0.000148 0.000001 0.000551 0.000006 0.000032 0.034893 0.950166
0.000001 0.000006 0.000575 0.000414 0.000000 0.000006 0.000223 0.001483 0.000008 0.997284
0.007848 0.021212 0.011630 0.000128 0.954757 0.001224 0.000232 0.000883 0.002044 0.000043
0.000077 0.006642 0.991844 0.000234 0.000012 0.000003 0.000002 0.000001 0.000009 0.001176
0.000000 0.000000 0.000002 0.000000 0.000000 0.000000 0.000001 0.068468 0.001619 0.929909
0.000003 0.001268 0.000412 0.619915 0.000000 0.000000 0.000004 0.000084 0.000006 0.378307
0.000129 0.000000 0.008722 0.000000 0.000463 0.990641 0.000000 0.000030 0.000010 0.000004
0.000029 0.000000 0.000002 0.000003 0.001030 0.998919 0.000008 0.000007 0.000002 0.000000
0.000000 0.000065 0.000010 0.033090 0.000004 0.000006 0.966823 0.000000 0.000000 0.000002
0.000000 0.000000 0.000012 0.000000 0.000005 0.999971 0.000000 0.000011 0.000000 0.000000
0.000010 0.001398 0.850772 0.005605 0.132730 0.009058 0.000070 0.000132 0.000002 0.000224
0.000000 0.000003 0.113558 0.000000 0.000000 0.000000 0.000007 0.000005 0.000001 0.886425
0.000001 0.000208 0.000560 0.996749 0.000046 0.000035 0.002361 0.000000 0.000000 0.000039
0.000001 0.000000 0.001008 0.809484 0.000095 0.177918 0.000111 0.005736 0.000011 0.005635
0.000026 0.000753 0.000027 0.000026 0.000014 0.000000 0.999078 0.000000 0.000000 0.000075
0.000000 0.000000 0.000000 0.321388 0.000001 0.000045 0.678400 0.000157 0.000000 0.000008
0.000003 0.000000 0.000001 0.000007 0.000000 0.000003 0.000000 0.347806 0.652129 0.000050
0.000346 0.001680 0.045300 0.401039 0.001289 0.018356 0.292075 0.216406 0.000009 0.023501
0.000000 0.000000 0.000001 0.000000 0.000001 0.999986 0.000000 0.000012 0.000000 0.000000
0.000021 0.001561 0.017250 0.776108 0.000930 0.000843 0.000296 0.020611 0.000914 0.181466
0.000000 0.000000 0.000000 0.000000 0.000000 0.000000 0.000000 0.000228 0.999771 0.000001
0.000000 0.000000 0.000000 1.000000 0.000000 0.000000 0.000000 0.000000 0.000000 0.000000
0.030395 0.057963 0.010377 0.004750 0.000071 0.000001 0.561804 0.071863 0.005044 0.257730
0.001082 0.709208 0.013409 0.149459 0.114700 0.001724 0.010085 0.000005 0.000002 0.000326
0.000104 0.000007 0.001177 0.501855 0.000081 0.496637 0.000003 0.000021 0.000007 0.000109
0.000045 0.000000 0.000004 0.155133 0.000007 0.023815 0.000160 0.820620 0.000005 0.000210
0.000091 0.138104 0.001070 0.833549 0.000031 0.000001 0.002529 0.000013 0.000002 0.024612
0.000000 0.000000 0.000025 0.000000 0.000000 0.000000 0.000032 0.000000 0.000000 0.999943
0.000118 0.039957 0.001954 0.955924 0.000104 0.000025 0.001176 0.000002 0.000011 0.000731
0.002991 0.102334 0.000986 0.030184 0.000324 0.000050 0.850184 0.000067 0.000007 0.012873
0.000102 0.000000 0.001641 0.000000 0.000000 0.000011 0.000021 0.011944 0.982771 0.003509
0.000003 0.000099 0.000001 0.010230 0.000001 0.000002 0.989652 0.000000 0.000000 0.000012
0.997739 0.000673 0.000006 0.000000 0.000002 0.000005 0.000823 0.000008 0.000689 0.000056
0.000000 0.000001 0.000000 0.999999 0.000000 0.000000 0.000000 0.000000 0.000000 0.000000
0.000005 0.000069 0.000658 0.000191 0.000000 0.000000 0.015603 0.000024 0.000000 0.983451
0.038341 0.001146 0.031500 0.317485 0.001418 0.428276 0.086106 0.095652 0.000018 0.000058
0.000241 0.000116 0.000157 0.000690 0.979185 0.019292 0.000019 0.000066 0.000233 0.000001
0.000105 0.000026 0.000381 0.001308 0.208154 0.789964 0.000042 0.000008 0.000010 0.000002
0.000064 0.168955 0.000668 0.827813 0.000294 0.000024 0.000807 0.000001 0.000000 0.001374
0.000000 0.000025 0.000006 0.000027 0.000000 0.000000 0.000010 0.000001 0.000000 0.999931
0.001255 0.428736 0.006161 0.467098 0.000031 0.000022 0.095328 0.000003 0.000001 0.001366
0.000016 0.000011 0.000790 0.000175 0.810711 0.187011 0.000000 0.001128 0.000151 0.000007
0.000000 0.000000 0.000052 0.000000 0.000000 0.000000 0.000000 0.000000 0.000000 0.999947
0.000034 0.000010 0.993908 0.000058 0.000005 0.000026 0.000001 0.002880 0.000123 0.002955
0.003750 0.000085 0.001412 0.000063 0.004391 0.982643 0.000000 0.007482 0.000070 0.000103
0.000000 0.000000 0.000625 0.000001 0.000000 0.000000 0.000000 0.901689 0.000707 0.096977
0.000001 0.000002 0.000015 0.988856 0.000224 0.010878 0.000019 0.000003 0.000000 0.000003
0.000003 0.000024 0.978479 0.000242 0.000007 0.000041 0.000010 0.000025 0.000062 0.021106
0.000000 0.000000 0.000016 0.000136 0.000000 0.000000 0.000001 0.007187 0.017022 0.975638
0.000021 0.882486 0.000709 0.087774 0.000169 0.000000 0.024814 0.000000 0.000000 0.004028
0.000001 0.000023 0.000051 0.000016 0.000000 0.000000 0.999904 0.000000 0.000000 0.000005
0.000000 0.000075 0.000821 0.980100 0.016763 0.002217 0.000011 0.000012 0.000000 0.000001
0.001927 0.094447 0.272563 0.616290 0.003969 0.001552 0.000584 0.000401 0.000241 0.008027
0.000139 0.000871 0.160765 0.001131 0.616516 0.219516 0.000001 0.000998 0.000053 0.000011
0.000006 0.000124 0.000579 0.007520 0.000001 0.000000 0.007480 0.039359 0.000012 0.944921
0.000002 0.000003 0.000150 0.000045 0.594184 0.405585 0.000000 0.000028 0.000003 0.000001
0.006476 0.000003 0.041876 0.000005 0.002195 0.918505 0.000001 0.010604 0.020326 0.000009
0.000075 0.000437 0.004490 0.000036 0.000011 0.000001 0.000012 0.000164 0.740058 0.254716
0.000000 0.000005 0.000094 0.999785 0.000000 0.000001 0.000000 0.000002 0.000000 0.000112
0.000207 0.000000 0.000026 0.000002 0.000233 0.730251 0.000000 0.002588 0.266691 0.000003
0.000000 0.000000 0.000003 0.018311 0.000000 0.000000 0.000001 0.000002 0.000000 0.981683
0.000000 0.000000 0.000001 0.999901 0.000000 0.000085 0.000011 0.000000 0.000000 0.000001
0.004861 0.043470 0.001810 0.000197 0.000000 0.000000 0.926474 0.000002 0.000003 0.023183
0.023794 0.000008 0.014748 0.000004 0.000028 0.957588 0.000001 0.000055 0.001013 0.002761
0.000000 0.000000 0.932927 0.000101 0.000000 0.000016 0.000000 0.000096 0.000001 0.066859
0.000000 0.000074 0.000006 0.926953 0.000000 0.000000 0.072733 0.000000 0.000000 0.000234
0.000000 0.000000 0.001064 0.969996 0.000000 0.000110 0.000000 0.000002 0.000009 0.028818
0.000003 0.005050 0.000358 0.000184 0.000000 0.000000 0.000035 0.000000 0.000003 0.994367
0.002712 0.026672 0.016165 0.000248 0.000267 0.000024 0.947808 0.000002 0.000001 0.006101
0.000116 0.087119 0.012938 0.897400 0.000608 0.000004 0.000448 0.000150 0.000005 0.001213
0.427799 0.000347 0.002301 0.072652 0.000061 0.024629 0.000017 0.049182 0.416025 0.006988
0.000000 0.000000 0.000050 0.037277 0.000019 0.000109 0.000025 0.962110 0.000012 0.000398
0.001835 0.000003 0.070702 0.000006 0.000438 0.018888 0.000691 0.904818 0.001212 0.001408
0.000008 0.000008 0.000045 0.970269 0.017445 0.010610 0.000005 0.001188 0.000413 0.000008
0.000446 0.103242 0.015455 0.075464 0.035449 0.000733 0.768952 0.000214 0.000001 0.000044
0.000000 0.000029 0.000013 0.000056 0.000000 0.000000 0.000002 0.000000 0.000000 0.999900
