0.038514 0.033907 0.034312 0.042779 0.139000 0.214127 0.332405 0.036585 0.073999 0.054374
0.171993 0.281677 0.066986 0.049902 0.113916 0.115682 0.036674 0.062981 0.056231 0.043959
0.034403 0.034602 0.033082 0.034601 0.046587 0.060355 0.623040 0.035186 0.057180 0.040964
0.312928 0.179058 0.052328 0.045265 0.125742 0.100656 0.034545 0.061882 0.049255 0.038341
0.450999 0.043800 0.037407 0.039985 0.168420 0.100781 0.041682 0.037105 0.043288 0.036532
0.377643 0.096723 0.050582 0.051005 0.166892 0.092796 0.034840 0.048638 0.042838 0.038042
0.415490 0.038599 0.035968 0.038959 0.156801 0.123447 0.052477 0.035440 0.061511 0.041309
0.071699 0.073479 0.140685 0.059037 0.103549 0.131991 0.031736 0.318304 0.035456 0.034063
0.063166 0.581383 0.065919 0.040742 0.042123 0.050681 0.031792 0.049968 0.038730 0.035495
0.092318 0.086508 0.085319 0.101162 0.127530 0.122954 0.034671 0.135695 0.110886 0.102956
0.638381 0.034033 0.032292 0.033650 0.066952 0.050905 0.040504 0.034238 0.036079 0.032968
0.349938 0.049346 0.040650 0.041805 0.099424 0.166010 0.052322 0.035972 0.119867 0.044666
0.690921 0.035062 0.032523 0.033393 0.038764 0.037265 0.031839 0.033977 0.033125 0.033133
0.046586 0.034006 0.033072 0.034175 0.058374 0.103744 0.513607 0.034981 0.093256 0.048198
0.037011 0.034681 0.035547 0.045269 0.078887 0.112732 0.188045 0.037047 0.177566 0.253214
0.049263 0.046038 0.088522 0.093971 0.213183 0.203095 0.034396 0.176050 0.048164 0.047317
0.665250 0.040790 0.036260 0.034840 0.047455 0.041494 0.031761 0.035385 0.034166 0.032598
0.108506 0.372548 0.066450 0.053686 0.053695 0.117892 0.042695 0.044690 0.092008 0.047829
0.063290 0.043085 0.042384 0.056826 0.137820 0.147985 0.197703 0.044043 0.159563 0.107301
0.059283 0.034479 0.035160 0.043792 0.148487 0.187081 0.098827 0.035862 0.300515 0.056514
0.067519 0.598736 0.061589 0.039667 0.038504 0.042689 0.031991 0.048314 0.036736 0.034255
0.036056 0.035081 0.043864 0.067560 0.089005 0.126629 0.101731 0.050307 0.152059 0.297708
0.071442 0.298305 0.159583 0.082941 0.058394 0.087729 0.032092 0.124004 0.047887 0.037624
0.039914 0.093969 0.211053 0.069372 0.053883 0.078167 0.031747 0.349546 0.036698 0.035652
0.159171 0.075561 0.111035 0.092475 0.168499 0.138135 0.035846 0.095937 0.074499 0.048842
0.061697 0.580065 0.067682 0.041253 0.041214 0.048567 0.031962 0.051659 0.039946 0.035954
0.079602 0.034753 0.036303 0.044127 0.162002 0.235743 0.232442 0.035482 0.092636 0.046911
0.074731 0.154550 0.075030 0.057754 0.074831 0.203646 0.077234 0.046951 0.165744 0.069529
0.351884 0.165644 0.046551 0.043574 0.066386 0.108026 0.040407 0.038583 0.087011 0.051935
0.128896 0.043750 0.039894 0.045831 0.124734 0.150371 0.084360 0.037915 0.279592 0.064659
0.529703 0.039831 0.035400 0.040324 0.099381 0.078554 0.046066 0.035392 0.053018 0.042332
0.362546 0.035020 0.033240 0.035090 0.194794 0.160499 0.054930 0.034126 0.052907 0.036850
0.038358 0.033838 0.032699 0.034865 0.072837 0.127583 0.510169 0.034899 0.069581 0.045171
0.104154 0.035631 0.035015 0.039106 0.224127 0.207207 0.175045 0.036124 0.092448 0.051143
0.067450 0.041716 0.256126 0.096034 0.149009 0.159948 0.041201 0.061450 0.083326 0.043740
0.042128 0.036135 0.041648 0.068372 0.098208 0.171712 0.067658 0.038844 0.209061 0.226234
0.242374 0.049243 0.056900 0.114828 0.175779 0.160944 0.038654 0.051997 0.063678 0.045603
0.037490 0.034770 0.037950 0.042605 0.135508 0.086673 0.078278 0.047612 0.422317 0.076798
0.034889 0.034047 0.032832 0.033043 0.036514 0.052978 0.663985 0.034914 0.041266 0.035532
0.472619 0.185924 0.050814 0.041654 0.050752 0.052146 0.032666 0.039905 0.039352 0.034167
0.091536 0.034477 0.033300 0.034510 0.067829 0.062853 0.533997 0.034651 0.063975 0.042873
0.035464 0.033967 0.033721 0.036481 0.054618 0.092160 0.552508 0.035051 0.077645 0.048386
0.133025 0.037878 0.042869 0.069258 0.296585 0.245451 0.036709 0.048501 0.048370 0.041354
0.045373 0.066342 0.201401 0.083864 0.069953 0.112377 0.032055 0.311999 0.040933 0.035702
0.408288 0.101043 0.056380 0.050753 0.105159 0.099372 0.034632 0.044962 0.061855 0.037557
0.052484 0.035044 0.039793 0.048487 0.183067 0.250263 0.218325 0.040109 0.080411 0.052017
0.646009 0.037533 0.033492 0.033751 0.061836 0.049941 0.033901 0.034415 0.035677 0.033445
0.473889 0.038297 0.037874 0.051079 0.109270 0.128533 0.034913 0.036768 0.050617 0.038759
0.056741 0.037057 0.050108 0.105990 0.192036 0.252216 0.081289 0.050646 0.096257 0.077659
0.095568 0.037704 0.044891 0.055654 0.261352 0.257511 0.077923 0.047506 0.073015 0.048877
0.118156 0.034236 0.034377 0.038020 0.152999 0.366936 0.123920 0.035756 0.056493 0.039107
0.061294 0.036737 0.039539 0.053404 0.254343 0.204141 0.086187 0.040540 0.138486 0.085328
0.037838 0.034340 0.032801 0.034014 0.044076 0.070128 0.623723 0.034658 0.050873 0.037549
0.050774 0.068530 0.169106 0.114237 0.075540 0.101020 0.034592 0.231520 0.084517 0.070163
0.033760 0.034452 0.033282 0.033044 0.032318 0.035268 0.697395 0.034024 0.033463 0.032994
0.060900 0.034250 0.034039 0.035249 0.135501 0.141330 0.422638 0.034774 0.058024 0.043294
0.235097 0.196992 0.076020 0.115899 0.087689 0.110299 0.033247 0.053362 0.051873 0.039524
0.036421 0.034942 0.043387 0.075825 0.105170 0.156849 0.277491 0.044097 0.128432 0.097385
0.038127 0.034039 0.034101 0.041475 0.095560 0.109932 0.482518 0.036720 0.066773 0.060755
0.116360 0.038530 0.041266 0.049280 0.210561 0.228507 0.094121 0.039344 0.127315 0.054716
0.128913 0.036678 0.035154 0.042583 0.152355 0.155260 0.205377 0.035904 0.134408 0.073367
0.589873 0.043462 0.035563 0.039225 0.080726 0.072517 0.033163 0.035951 0.035829 0.033692
0.045794 0.070917 0.249600 0.112712 0.080576 0.109168 0.036737 0.175966 0.071514 0.047016
0.047564 0.036216 0.040103 0.056884 0.231572 0.218764 0.152275 0.045779 0.102192 0.068651
0.048575 0.206671 0.347036 0.056545 0.047695 0.057318 0.032197 0.125183 0.041964 0.036818
0.133537 0.136914 0.178011 0.070583 0.075004 0.104110 0.031577 0.196619 0.038770 0.034876
0.116360 0.038530 0.041266 0.049280 0.210561 0.228507 0.094121 0.039344 0.127315 0.054716
0.095990 0.040285 0.038617 0.045405 0.188490 0.223462 0.173931 0.037663 0.097366 0.058791
0.035990 0.033689 0.032770 0.033940 0.048175 0.122507 0.557370 0.034990 0.059986 0.040584
0.084358 0.059039 0.119578 0.080993 0.178988 0.216685 0.045664 0.092370 0.076108 0.046216
0.549454 0.129516 0.064187 0.035754 0.045078 0.040908 0.031404 0.036563 0.034118 0.033019
0.684100 0.033959 0.032897 0.033523 0.040086 0.039278 0.035130 0.034379 0.033511 0.033137
0.160942 0.349496 0.113270 0.052608 0.064147 0.079032 0.032028 0.056069 0.055097 0.037310
0.056754 0.034958 0.038134 0.064772 0.209727 0.229141 0.138048 0.039931 0.117909 0.070626
0.045877 0.056189 0.144188 0.293515 0.066442 0.127756 0.032502 0.147728 0.042110 0.043694
0.051649 0.426316 0.122365 0.055187 0.047014 0.057173 0.032221 0.121372 0.047775 0.038929
0.080964 0.141215 0.137294 0.081777 0.109663 0.094029 0.036894 0.142887 0.110952 0.064325
0.105841 0.036783 0.042125 0.046960 0.189676 0.256127 0.127160 0.038673 0.100842 0.055813
0.072679 0.047346 0.040054 0.042521 0.081507 0.128782 0.237481 0.037976 0.217196 0.094457
0.478474 0.040438 0.036709 0.039926 0.172057 0.083326 0.036282 0.036673 0.039797 0.036318
0.310711 0.038859 0.035988 0.038752 0.134134 0.166212 0.118580 0.035945 0.078668 0.042151
0.054521 0.038613 0.046347 0.071738 0.229164 0.238778 0.085598 0.055969 0.105204 0.074068
0.046550 0.498587 0.124234 0.045626 0.040641 0.047176 0.032054 0.089318 0.039947 0.035867
0.064990 0.035270 0.035306 0.049114 0.218270 0.271914 0.143836 0.037073 0.089133 0.055095
0.047258 0.041683 0.132676 0.111092 0.205642 0.176250 0.037694 0.096579 0.090227 0.060899
0.659154 0.034573 0.032964 0.033600 0.057568 0.047262 0.033860 0.034390 0.033533 0.033098
0.046661 0.036337 0.053302 0.069193 0.259439 0.255431 0.068370 0.071763 0.084981 0.054524
0.349192 0.036006 0.036734 0.039489 0.232460 0.163232 0.033547 0.037905 0.036550 0.034885
0.445886 0.046519 0.040358 0.043520 0.163698 0.099414 0.040164 0.040043 0.043820 0.036578
0.038496 0.685918 0.037074 0.034239 0.032741 0.035837 0.032006 0.038023 0.032294 0.033371
0.107484 0.037455 0.043374 0.056262 0.285803 0.292499 0.041763 0.042802 0.050841 0.041718
0.092248 0.034974 0.036765 0.045815 0.208085 0.219983 0.204037 0.041340 0.065000 0.051754
0.099679 0.087037 0.158303 0.116718 0.153932 0.139906 0.033900 0.105576 0.059482 0.045467
0.078834 0.035565 0.035325 0.043129 0.180652 0.190082 0.205604 0.036635 0.124477 0.069697
0.070052 0.098679 0.326892 0.068594 0.099306 0.121978 0.032459 0.103898 0.041620 0.036521
0.120249 0.035550 0.034658 0.038163 0.128277 0.189706 0.270820 0.035195 0.096311 0.051070
0.036039 0.034037 0.032711 0.034667 0.047833 0.064707 0.564399 0.034339 0.086765 0.064503
0.078026 0.048821 0.094083 0.125121 0.192615 0.179938 0.033528 0.156433 0.048920 0.042516
0.625442 0.052450 0.034977 0.034970 0.066903 0.050267 0.031726 0.035622 0.034513 0.033128
0.054476 0.034376 0.033234 0.036189 0.143280 0.152139 0.349332 0.034780 0.113473 0.048721
0.052990 0.034541 0.037990 0.052815 0.222777 0.305804 0.123167 0.040911 0.077986 0.051019
0.090048 0.039725 0.043534 0.071556 0.169834 0.178022 0.150456 0.050496 0.121518 0.084810
0.049252 0.060467 0.200870 0.109536 0.105149 0.148356 0.049068 0.117155 0.100937 0.059209
0.070905 0.034126 0.033657 0.035033 0.062962 0.073064 0.558562 0.034162 0.057264 0.040266
0.038191 0.035516 0.047220 0.097876 0.158642 0.222108 0.088297 0.058827 0.135950 0.117372
0.069131 0.038887 0.057898 0.088171 0.162443 0.293579 0.096934 0.069152 0.074740 0.049065
0.315337 0.051749 0.067188 0.070301 0.141405 0.151009 0.040094 0.042118 0.079241 0.041558
0.140433 0.068260 0.068181 0.152517 0.174523 0.153483 0.041797 0.074699 0.069373 0.056735
0.075313 0.035825 0.038432 0.046457 0.239344 0.189531 0.146565 0.042184 0.133257 0.053092
0.038375 0.034394 0.033246 0.035626 0.073102 0.067813 0.566353 0.034836 0.068369 0.047888
0.392208 0.074003 0.041171 0.041578 0.097681 0.160853 0.054478 0.036705 0.062414 0.038909
0.058836 0.509290 0.091056 0.047510 0.042769 0.054598 0.032315 0.092167 0.036731 0.034728
0.157691 0.053476 0.120549 0.091497 0.201613 0.164000 0.033331 0.083301 0.055051 0.039491
0.047220 0.036239 0.042686 0.089988 0.121925 0.237293 0.162611 0.043918 0.117883 0.100236
0.041256 0.033800 0.033169 0.034005 0.069575 0.060416 0.601424 0.034674 0.051769 0.039914
0.173495 0.053372 0.050704 0.058741 0.139990 0.258036 0.077694 0.040739 0.098136 0.049094
0.139302 0.046500 0.063970 0.099413 0.216945 0.188511 0.044161 0.069592 0.079794 0.051812
0.075995 0.036428 0.045398 0.128022 0.141155 0.255576 0.138605 0.041564 0.082690 0.054567
0.067378 0.035522 0.042390 0.052466 0.156867 0.271210 0.176062 0.040395 0.091638 0.066071
0.038493 0.034213 0.033630 0.037998 0.068280 0.149450 0.328869 0.035044 0.165942 0.108080
0.396373 0.035813 0.034894 0.038233 0.147927 0.115088 0.110169 0.035761 0.048406 0.037337
0.043230 0.038639 0.055942 0.077623 0.216392 0.233934 0.080445 0.083556 0.094085 0.076153
0.360763 0.034759 0.033281 0.035950 0.168435 0.169858 0.079607 0.034665 0.046340 0.036342
0.035368 0.034458 0.032521 0.034321 0.056147 0.078493 0.583954 0.034479 0.066697 0.043562
0.398212 0.057965 0.052969 0.054091 0.168332 0.093706 0.035572 0.045171 0.056393 0.037590
0.163267 0.041588 0.048990 0.061494 0.218814 0.245703 0.058415 0.053137 0.065082 0.043508
0.043402 0.149313 0.222056 0.061891 0.048034 0.068206 0.031485 0.304685 0.036187 0.034742
0.168382 0.037301 0.037363 0.046374 0.184759 0.193680 0.167707 0.037069 0.075897 0.051468
0.061074 0.041597 0.047707 0.070930 0.288324 0.157588 0.096784 0.086500 0.078853 0.070644
0.071988 0.035318 0.034618 0.043138 0.106984 0.199398 0.221343 0.035492 0.178955 0.072766
0.162650 0.037531 0.037194 0.047357 0.202312 0.194371 0.165539 0.039696 0.069197 0.044152
0.347080 0.043271 0.041928 0.041764 0.228874 0.139075 0.036884 0.038303 0.046863 0.035957
0.570162 0.037727 0.033437 0.034927 0.092896 0.060732 0.050796 0.034479 0.048770 0.036074
0.040056 0.034565 0.034908 0.039535 0.140806 0.117332 0.151045 0.038935 0.343521 0.059298
0.335135 0.039568 0.041734 0.043817 0.206283 0.137291 0.054980 0.038396 0.061439 0.041356
0.671429 0.034653 0.032869 0.033114 0.051813 0.041958 0.032275 0.034759 0.034106 0.033026
0.057677 0.035463 0.044839 0.054543 0.300621 0.303286 0.052292 0.054324 0.054163 0.042794
0.034252 0.034402 0.032624 0.033057 0.039508 0.045609 0.667745 0.034585 0.041891 0.036327
0.381252 0.083043 0.101061 0.099816 0.083100 0.077438 0.033526 0.060020 0.045654 0.035091
0.137325 0.166664 0.082375 0.058005 0.097015 0.194207 0.078364 0.042927 0.095241 0.047877
0.101972 0.039110 0.037777 0.047894 0.179429 0.206593 0.120753 0.037105 0.154721 0.074646
0.040438 0.042103 0.377710 0.102752 0.075761 0.114634 0.045840 0.066439 0.078627 0.055697
0.060740 0.038523 0.048519 0.056954 0.163795 0.184134 0.191262 0.042870 0.142328 0.070874
0.035740 0.048771 0.184850 0.056978 0.050760 0.076654 0.031639 0.445820 0.034501 0.034288
0.085184 0.038521 0.039134 0.046420 0.216789 0.195686 0.096621 0.037883 0.161913 0.081848
0.165948 0.037611 0.038223 0.045024 0.275996 0.212760 0.081559 0.038107 0.061996 0.042775
0.038579 0.037686 0.056787 0.076445 0.120416 0.182496 0.118029 0.068028 0.170256 0.131277
0.047381 0.041315 0.053973 0.097424 0.198167 0.261060 0.060449 0.082740 0.071826 0.085665
0.034259 0.033813 0.032704 0.033187 0.034536 0.037760 0.688038 0.034274 0.036557 0.034872
0.103208 0.123180 0.188135 0.092981 0.100114 0.128166 0.035846 0.091046 0.089918 0.047405
0.092917 0.034801 0.034334 0.036355 0.136573 0.128542 0.408424 0.034742 0.051824 0.041488
0.089950 0.518979 0.069259 0.043103 0.049171 0.063197 0.032725 0.053887 0.044254 0.035477
0.038265 0.034932 0.038335 0.053052 0.088478 0.148360 0.184833 0.038305 0.191679 0.183761
0.037392 0.034062 0.032979 0.037544 0.072683 0.112420 0.161977 0.035347 0.360131 0.115466
0.204178 0.038253 0.039856 0.043221 0.354959 0.165388 0.035310 0.042719 0.039899 0.036215
0.044765 0.045258 0.100261 0.117709 0.141737 0.163768 0.046965 0.119305 0.114890 0.105342
0.036902 0.039502 0.389860 0.093915 0.080570 0.111491 0.034269 0.115271 0.055613 0.042606
0.048308 0.037800 0.241010 0.109973 0.153709 0.165388 0.046038 0.064395 0.086968 0.046410
0.075086 0.037012 0.037918 0.050605 0.205410 0.209717 0.176497 0.038474 0.097658 0.071623
0.041005 0.049859 0.289138 0.112004 0.091066 0.120307 0.032703 0.133713 0.064393 0.065812
0.049140 0.036538 0.039786 0.052169 0.121973 0.186290 0.103703 0.039156 0.179273 0.191970
0.102567 0.572341 0.051466 0.037231 0.039311 0.044839 0.031852 0.053105 0.034035 0.033255
0.062806 0.075119 0.259488 0.112840 0.100514 0.101954 0.033962 0.136556 0.068305 0.048456
0.045942 0.043957 0.165408 0.120933 0.123547 0.180389 0.061353 0.103171 0.095985 0.059315
0.049999 0.092109 0.153842 0.168091 0.081837 0.139011 0.037804 0.161844 0.063349 0.052113
0.054773 0.035077 0.037121 0.043229 0.118679 0.130163 0.381439 0.036910 0.100139 0.062470
0.108212 0.034807 0.032903 0.035894 0.140116 0.126090 0.371635 0.034610 0.074261 0.041472
0.038665 0.037436 0.057269 0.075991 0.161612 0.167835 0.046354 0.308938 0.052628 0.053270
0.506024 0.044325 0.038762 0.050541 0.111645 0.083555 0.040413 0.037287 0.049249 0.038198
0.175665 0.039053 0.047212 0.052775 0.250815 0.255379 0.034389 0.069876 0.037743 0.037093
0.092186 0.050579 0.060155 0.111976 0.213652 0.163842 0.040976 0.073268 0.105923 0.087444
0.619380 0.039517 0.034419 0.034282 0.072559 0.064172 0.031886 0.035441 0.034822 0.033522
0.050358 0.036635 0.063376 0.085705 0.194673 0.231027 0.104865 0.107253 0.070086 0.056022
0.034203 0.033983 0.032578 0.033415 0.036749 0.047708 0.664378 0.034503 0.045697 0.036786
0.483699 0.049207 0.036213 0.037409 0.095296 0.101030 0.054307 0.035699 0.069236 0.037903
0.110689 0.034245 0.032526 0.034170 0.075353 0.082303 0.505449 0.034286 0.053670 0.037308
0.100440 0.405159 0.116440 0.073063 0.047969 0.056202 0.032250 0.092454 0.039551 0.036474
0.042372 0.033575 0.035762 0.053356 0.136920 0.205003 0.286727 0.037410 0.101857 0.067017
0.680965 0.035102 0.032289 0.033447 0.042054 0.041407 0.033075 0.034366 0.034165 0.033130
0.069472 0.035358 0.035174 0.042870 0.177919 0.191997 0.252592 0.036255 0.105522 0.052842
0.037510 0.073985 0.172846 0.085640 0.065260 0.086826 0.032521 0.351729 0.047704 0.045978
0.084135 0.036328 0.038379 0.081725 0.149694 0.209345 0.153211 0.036910 0.128735 0.081538
0.109756 0.036079 0.039790 0.048334 0.266912 0.284993 0.069133 0.037623 0.064426 0.042953
0.042584 0.038319 0.053786 0.066713 0.148208 0.243651 0.157596 0.079600 0.086992 0.082550
0.049163 0.034897 0.039532 0.061557 0.220017 0.250387 0.105285 0.042333 0.116857 0.079974
0.169884 0.037523 0.042775 0.047701 0.294087 0.243643 0.034407 0.056345 0.038231 0.035404
0.034215 0.034040 0.032659 0.033798 0.034539 0.044108 0.681701 0.034191 0.036560 0.034188
0.527952 0.037154 0.037399 0.037666 0.102539 0.084441 0.049742 0.035555 0.049991 0.037561
0.035655 0.034656 0.037042 0.053778 0.108554 0.156824 0.224803 0.045181 0.173484 0.130022
0.066374 0.034769 0.035233 0.040912 0.091893 0.094613 0.487868 0.035879 0.067786 0.044673
0.043011 0.040363 0.061372 0.090302 0.206902 0.186331 0.044367 0.088781 0.110118 0.128453
0.120429 0.396910 0.057737 0.043313 0.060056 0.123672 0.037123 0.041807 0.075679 0.043274
0.316881 0.038087 0.038626 0.045419 0.202443 0.176446 0.053115 0.041370 0.047532 0.040082
0.057311 0.518391 0.102198 0.046018 0.041126 0.049918 0.031627 0.076481 0.040468 0.036463
0.511830 0.140425 0.044568 0.036743 0.069773 0.056998 0.032504 0.037991 0.034888 0.034280
0.042826 0.080567 0.193584 0.072530 0.056074 0.087882 0.031874 0.365225 0.035516 0.033921
0.523870 0.067363 0.049418 0.040926 0.096981 0.079131 0.031844 0.040102 0.036599 0.033766
0.575322 0.035621 0.032911 0.035060 0.086296 0.083206 0.043208 0.034656 0.039609 0.034111
0.300641 0.037302 0.035543 0.038603 0.243054 0.172284 0.057354 0.037264 0.041000 0.036954
0.158748 0.074779 0.080746 0.076356 0.192693 0.184800 0.033248 0.120488 0.039469 0.038673
0.041967 0.034663 0.033480 0.035170 0.059812 0.102469 0.513646 0.034997 0.090824 0.052972
0.059602 0.034552 0.034894 0.042082 0.173823 0.192355 0.291050 0.036379 0.085020 0.050243
0.650239 0.037847 0.034367 0.034204 0.051690 0.052482 0.033023 0.035233 0.037912 0.033004
0.661517 0.035152 0.032849 0.033832 0.049330 0.053273 0.032576 0.034716 0.034054 0.032701
0.079811 0.037028 0.043446 0.063280 0.243722 0.295017 0.073429 0.047260 0.067510 0.049498
0.070184 0.447551 0.080828 0.052095 0.071164 0.074393 0.032356 0.077810 0.053399 0.040221
0.646354 0.036926 0.033347 0.033893 0.064354 0.049086 0.033402 0.035012 0.034407 0.033220
0.440656 0.044573 0.038563 0.045126 0.118546 0.131190 0.052876 0.038640 0.051512 0.038320
0.054535 0.037224 0.053292 0.070495 0.306407 0.191905 0.067773 0.089408 0.070615 0.058346
0.036267 0.034930 0.035456 0.042148 0.069955 0.096012 0.330917 0.035368 0.182883 0.136063
0.523525 0.056972 0.041692 0.041653 0.115620 0.073458 0.033454 0.037537 0.041070 0.035019
0.159905 0.063695 0.165518 0.148911 0.139368 0.133871 0.035480 0.058630 0.055528 0.039095
0.310441 0.044578 0.041471 0.054109 0.201550 0.135684 0.042812 0.039065 0.077329 0.052959
0.681206 0.034321 0.032311 0.033402 0.044089 0.038918 0.034493 0.034092 0.033921 0.033248
0.290621 0.040244 0.038781 0.046080 0.241266 0.129996 0.044779 0.038974 0.080623 0.048636
0.035405 0.034330 0.033004 0.034652 0.058405 0.066543 0.608770 0.034754 0.052792 0.041345
0.034397 0.034576 0.033043 0.033039 0.039544 0.043974 0.660927 0.034619 0.046546 0.039335
0.185033 0.039670 0.037809 0.041644 0.143821 0.190059 0.178908 0.036539 0.096815 0.049704
0.036173 0.034069 0.033324 0.036376 0.076003 0.090297 0.497359 0.034782 0.092606 0.069011
0.039992 0.034036 0.035186 0.039070 0.123849 0.119982 0.157697 0.036993 0.342460 0.070735
0.379958 0.036436 0.035609 0.036904 0.250067 0.104696 0.041140 0.035870 0.043940 0.035381
0.040622 0.035783 0.047498 0.058449 0.123280 0.149628 0.189033 0.044517 0.205454 0.105735
0.067225 0.038634 0.049511 0.066130 0.213948 0.268158 0.059671 0.048133 0.115636 0.072954
0.169525 0.038810 0.034304 0.036679 0.140155 0.172817 0.166117 0.034952 0.149186 0.057456
0.076910 0.033973 0.032784 0.035075 0.071436 0.094319 0.527307 0.034778 0.054956 0.038464
0.625465 0.038193 0.033341 0.034971 0.066022 0.067062 0.032843 0.034396 0.034649 0.033059
0.076082 0.043343 0.095390 0.076951 0.224317 0.246990 0.033333 0.121469 0.043173 0.038950
0.607123 0.036557 0.033279 0.034438 0.082566 0.067750 0.033790 0.034686 0.036375 0.033436
0.052059 0.035645 0.043350 0.087159 0.142127 0.288926 0.146131 0.044516 0.101461 0.058627
0.034032 0.033809 0.033101 0.033479 0.034188 0.038389 0.688065 0.033886 0.036973 0.034077
0.234169 0.042482 0.061094 0.055048 0.230709 0.208944 0.033621 0.061915 0.037081 0.034938
0.034739 0.033587 0.033174 0.033586 0.035625 0.039253 0.683892 0.034324 0.037626 0.034193
0.463974 0.034322 0.033283 0.034051 0.158415 0.076242 0.084501 0.034853 0.043829 0.036531
0.042279 0.033738 0.032969 0.033717 0.044734 0.057614 0.643616 0.033876 0.041791 0.035665
0.086812 0.233132 0.088334 0.060821 0.067043 0.174724 0.038578 0.052130 0.104051 0.094374
0.063157 0.575095 0.069978 0.040542 0.040729 0.045296 0.031988 0.065174 0.034520 0.033521
0.059052 0.220525 0.246073 0.070238 0.054423 0.062702 0.033614 0.174087 0.042062 0.037224
0.219368 0.041352 0.043382 0.074138 0.177268 0.238510 0.062764 0.041996 0.059320 0.041902
0.067521 0.050345 0.142511 0.114887 0.187514 0.158964 0.037513 0.106420 0.085710 0.048616
0.039065 0.034131 0.034745 0.038096 0.102361 0.065449 0.158705 0.042181 0.419999 0.065267
0.040937 0.044853 0.375976 0.074977 0.066030 0.131313 0.032485 0.159072 0.038799 0.035558
0.068304 0.063564 0.078749 0.061945 0.229341 0.209275 0.055719 0.078100 0.091237 0.063767
0.143756 0.041004 0.045791 0.049544 0.198881 0.225913 0.095366 0.044427 0.103991 0.051327
0.045029 0.037325 0.046057 0.067485 0.128886 0.196472 0.289307 0.049591 0.076153 0.063694
0.044842 0.034399 0.033458 0.038536 0.116623 0.176105 0.375517 0.034974 0.089007 0.056539
0.128452 0.034403 0.033429 0.038641 0.143295 0.178091 0.286748 0.034983 0.077473 0.044484
0.634479 0.034867 0.032962 0.033442 0.067079 0.055869 0.035633 0.034449 0.037525 0.033695
0.089446 0.036127 0.045057 0.057807 0.304723 0.267180 0.040006 0.047981 0.070397 0.041276
0.134367 0.160673 0.075287 0.060236 0.106286 0.182024 0.043186 0.045188 0.131518 0.061235
0.115392 0.034893 0.034211 0.036412 0.187850 0.195073 0.247145 0.035352 0.072487 0.041185
0.050364 0.034055 0.036153 0.040184 0.159556 0.080612 0.093789 0.041904 0.403462 0.059921
0.071842 0.035327 0.037022 0.045350 0.185079 0.291497 0.167749 0.038108 0.076203 0.051824
0.042757 0.034430 0.035407 0.044292 0.106380 0.108170 0.381562 0.036261 0.129798 0.080943
0.092918 0.571961 0.060737 0.039882 0.039028 0.043013 0.031475 0.052427 0.034615 0.033945
0.077738 0.035196 0.037587 0.046158 0.334143 0.287285 0.043738 0.043754 0.052454 0.041947
0.399556 0.036948 0.035746 0.037392 0.187510 0.146900 0.040433 0.036632 0.043536 0.035347
0.122350 0.063401 0.079664 0.078998 0.178697 0.208131 0.047812 0.061118 0.097499 0.062331
0.062066 0.036044 0.035396 0.041192 0.113927 0.224406 0.221478 0.035369 0.140196 0.089925
0.090520 0.036244 0.042105 0.058449 0.220588 0.199954 0.166269 0.043584 0.088457 0.053830
0.042501 0.033937 0.033670 0.034370 0.056757 0.107134 0.548957 0.034351 0.063813 0.044510
0.105829 0.036415 0.045714 0.090333 0.222705 0.283695 0.051324 0.043627 0.068977 0.051381
0.063563 0.132050 0.356987 0.076469 0.068217 0.077871 0.032958 0.102988 0.050971 0.037925
0.038084 0.041623 0.113828 0.163700 0.114417 0.145529 0.032473 0.253548 0.047808 0.048990
0.062921 0.161862 0.385078 0.060259 0.052074 0.073097 0.032923 0.065210 0.066321 0.040255
0.038710 0.035473 0.041430 0.058163 0.086929 0.164563 0.066941 0.039923 0.195811 0.272058
0.093643 0.034050 0.033018 0.035907 0.168604 0.158053 0.340765 0.034790 0.060471 0.040698
0.230504 0.035434 0.036704 0.037959 0.140010 0.111052 0.083298 0.035545 0.245989 0.043505
0.302835 0.047799 0.046539 0.059141 0.185277 0.150386 0.039016 0.041345 0.071261 0.056401
0.101358 0.046024 0.111426 0.081287 0.208190 0.238696 0.033607 0.102973 0.039764 0.036677
0.437993 0.046273 0.038722 0.045190 0.153175 0.105031 0.040446 0.039512 0.052183 0.041474
0.041394 0.034680 0.037410 0.057438 0.141443 0.238018 0.126842 0.039592 0.164563 0.118620
0.069657 0.036935 0.039796 0.067784 0.147773 0.258961 0.123940 0.039358 0.126998 0.088798
0.061051 0.502970 0.083478 0.051167 0.044174 0.063774 0.031911 0.090399 0.036008 0.035070
0.080863 0.061870 0.133096 0.083859 0.172657 0.209173 0.043036 0.090226 0.078608 0.046614
0.673688 0.034766 0.032338 0.033427 0.047573 0.045608 0.032121 0.034565 0.033037 0.032877
0.154454 0.039736 0.041889 0.062076 0.223298 0.251235 0.063668 0.043267 0.070789 0.049588
0.570593 0.084154 0.038004 0.037973 0.054132 0.067564 0.033325 0.036003 0.044238 0.034015
0.041126 0.037638 0.050947 0.077408 0.146055 0.229685 0.110746 0.061051 0.138639 0.106706
0.164037 0.035226 0.033077 0.036380 0.150791 0.188493 0.250711 0.035032 0.065877 0.040375
0.120354 0.366572 0.129789 0.057706 0.057374 0.072655 0.032354 0.080018 0.045862 0.037318
0.088347 0.038554 0.039164 0.050965 0.249391 0.214010 0.123492 0.043597 0.090531 0.061949
0.505860 0.142923 0.041343 0.037655 0.060824 0.062450 0.033474 0.035683 0.045339 0.034448
0.052857 0.034137 0.033307 0.038659 0.149745 0.191223 0.368172 0.035222 0.053496 0.043182
0.213805 0.069495 0.046189 0.057365 0.263858 0.134003 0.044948 0.051818 0.065089 0.053430
0.084410 0.047164 0.069838 0.089977 0.212185 0.199383 0.068317 0.097983 0.073376 0.057368
0.057739 0.036382 0.039906 0.048631 0.133761 0.210957 0.112093 0.038923 0.205766 0.115841
0.226494 0.038535 0.036601 0.042093 0.088817 0.145613 0.234702 0.035694 0.103123 0.048328
0.144353 0.037918 0.043725 0.057234 0.257641 0.260270 0.049132 0.046447 0.061843 0.041437
0.054150 0.051529 0.172935 0.119874 0.113512 0.186169 0.048526 0.075389 0.100890 0.077027
0.042063 0.131129 0.315034 0.065133 0.045888 0.066097 0.031767 0.232756 0.035787 0.034347
0.067872 0.040526 0.086443 0.077097 0.130824 0.191672 0.156990 0.048697 0.139331 0.060548
0.077843 0.046511 0.066836 0.074031 0.199671 0.254354 0.035813 0.165243 0.040326 0.039373
0.042556 0.034523 0.033866 0.039405 0.128451 0.220068 0.315819 0.035195 0.091429 0.058687
0.047084 0.035183 0.036416 0.045480 0.120706 0.210194 0.246298 0.036830 0.146559 0.075252
0.114523 0.036330 0.038374 0.044732 0.258504 0.325230 0.049679 0.043232 0.049911 0.039487
0.188347 0.038664 0.041249 0.050506 0.251480 0.195286 0.076570 0.039003 0.073809 0.045085
0.039172 0.055882 0.412926 0.066675 0.056658 0.089601 0.031814 0.175881 0.036925 0.034467
0.658143 0.036878 0.033286 0.033649 0.058728 0.044868 0.032489 0.034541 0.034338 0.033082
0.273510 0.038408 0.040411 0.043535 0.234039 0.193124 0.050010 0.039815 0.049397 0.037750
0.510256 0.035855 0.034608 0.035325 0.125721 0.109698 0.036941 0.035306 0.041656 0.034635
0.170914 0.036655 0.045031 0.058102 0.218004 0.231166 0.065591 0.044019 0.076459 0.054059
0.151196 0.448000 0.074741 0.045650 0.059548 0.050160 0.032456 0.063112 0.040248 0.034890
0.431533 0.223610 0.044897 0.042896 0.048386 0.065720 0.032158 0.039451 0.038152 0.033197
0.295195 0.171603 0.056341 0.045614 0.079715 0.155030 0.038215 0.040809 0.078867 0.038610
0.046895 0.035182 0.035552 0.048532 0.210177 0.250206 0.186149 0.043103 0.081684 0.062520
0.644343 0.035957 0.033100 0.033755 0.059206 0.057786 0.033568 0.034668 0.034498 0.033119
0.306508 0.322853 0.052731 0.041270 0.054543 0.072691 0.032461 0.042726 0.039460 0.034756
0.044714 0.036067 0.045488 0.071456 0.218070 0.208023 0.141515 0.057777 0.102805 0.074085
0.484421 0.033896 0.032744 0.033905 0.080456 0.072251 0.135062 0.034836 0.054917 0.037513
0.081587 0.041338 0.048861 0.079193 0.193648 0.279557 0.047257 0.045629 0.117142 0.065789
0.046802 0.058351 0.164566 0.077020 0.082128 0.197297 0.142256 0.087494 0.095851 0.048236
0.662931 0.036975 0.032216 0.034054 0.059227 0.041639 0.032113 0.034326 0.033151 0.033369
0.099012 0.036999 0.039388 0.068900 0.232210 0.320762 0.044319 0.044497 0.060191 0.053721
0.054205 0.044128 0.074783 0.104970 0.211900 0.228674 0.042833 0.120921 0.064785 0.052799
0.114467 0.035134 0.037328 0.067899 0.164202 0.191506 0.232748 0.036884 0.069085 0.050747
0.154252 0.216350 0.086862 0.062471 0.113836 0.106144 0.040471 0.083192 0.082290 0.054133
0.064551 0.037146 0.057705 0.147782 0.152897 0.275512 0.068518 0.061747 0.078155 0.055987
0.065465 0.040118 0.103826 0.163799 0.123975 0.217040 0.060766 0.066428 0.101678 0.056904
0.452991 0.063581 0.167235 0.047556 0.070320 0.055159 0.031899 0.041414 0.036283 0.033561
0.066694 0.034220 0.033316 0.039796 0.228663 0.209606 0.239781 0.035225 0.067773 0.044927
0.225717 0.038781 0.037826 0.044695 0.313620 0.163665 0.043509 0.041200 0.050185 0.040803
0.584573 0.038265 0.035644 0.037942 0.093063 0.065369 0.036654 0.035064 0.039352 0.034074
0.049029 0.048215 0.145398 0.251816 0.080809 0.143876 0.032701 0.153742 0.051495 0.042919
0.100068 0.040600 0.051791 0.169269 0.146105 0.221728 0.052355 0.045357 0.098044 0.074683
0.216867 0.036843 0.036380 0.043276 0.203202 0.231973 0.103195 0.036725 0.050607 0.040932
0.198205 0.035523 0.033810 0.038393 0.108337 0.166285 0.246375 0.035281 0.096334 0.041456
0.626058 0.036603 0.032885 0.034570 0.059950 0.058330 0.035723 0.035147 0.046646 0.034087
0.575175 0.034779 0.032740 0.034875 0.064974 0.058209 0.081244 0.034987 0.047005 0.036010
0.441878 0.038652 0.034421 0.036478 0.103785 0.157747 0.054215 0.035172 0.061014 0.036638
0.038225 0.034564 0.037763 0.050274 0.131531 0.197234 0.192078 0.040181 0.166346 0.111805
0.052159 0.645748 0.046828 0.036037 0.035768 0.039444 0.031632 0.044584 0.033832 0.033967
0.584573 0.038265 0.035644 0.037942 0.093063 0.065369 0.036654 0.035064 0.039352 0.034074
0.037041 0.034134 0.032518 0.034020 0.053711 0.066959 0.566107 0.034870 0.091770 0.048870
0.042334 0.034609 0.040688 0.058409 0.181572 0.278669 0.106063 0.042625 0.131380 0.083651
0.035956 0.033788 0.032601 0.033423 0.044068 0.045959 0.655222 0.034735 0.047001 0.037247
0.086252 0.037716 0.056932 0.167106 0.132246 0.277020 0.067923 0.049909 0.072174 0.052724
0.050186 0.633115 0.057796 0.037696 0.036111 0.039662 0.031716 0.044631 0.035024 0.034063
0.041035 0.036976 0.049244 0.059232 0.097993 0.139852 0.291279 0.045450 0.162645 0.076295
0.038486 0.035469 0.034590 0.038610 0.063742 0.114004 0.271922 0.035697 0.236722 0.130758
0.035195 0.034651 0.034875 0.039748 0.055936 0.084527 0.252971 0.035883 0.192821 0.233394
0.246804 0.037295 0.040035 0.043593 0.226239 0.253648 0.034821 0.044388 0.037356 0.035821
0.076014 0.036157 0.037961 0.054776 0.214050 0.237964 0.081250 0.039032 0.126816 0.095979
0.046571 0.036315 0.046276 0.060499 0.152702 0.239995 0.232075 0.071369 0.059749 0.054449
0.521506 0.034131 0.032882 0.033586 0.077607 0.084126 0.104317 0.034433 0.043425 0.033988
0.134300 0.034349 0.034462 0.038915 0.242180 0.179622 0.208467 0.035161 0.054406 0.038138
0.049415 0.074936 0.115340 0.062262 0.083554 0.176614 0.214976 0.059777 0.110855 0.052270
0.302308 0.038929 0.039888 0.071060 0.156125 0.177736 0.045933 0.038507 0.076349 0.053165
0.522290 0.060568 0.039954 0.040511 0.115829 0.075076 0.033480 0.039093 0.037976 0.035222
0.213943 0.038303 0.040556 0.045170 0.221614 0.278986 0.034207 0.053979 0.037138 0.036104
0.206890 0.038855 0.037830 0.046797 0.336075 0.156970 0.041321 0.040001 0.052097 0.043165
0.162638 0.035206 0.035576 0.040931 0.246385 0.215497 0.102575 0.036192 0.078602 0.046399
0.129288 0.038991 0.052169 0.075198 0.173279 0.279164 0.043473 0.056520 0.105893 0.046026
0.039253 0.035774 0.067479 0.091415 0.166546 0.199848 0.034855 0.264324 0.053851 0.046656
0.056048 0.034887 0.034420 0.038408 0.092718 0.108086 0.472080 0.035689 0.077893 0.049772
0.076837 0.033966 0.032734 0.034304 0.061997 0.088353 0.537086 0.034644 0.062050 0.038029
0.040060 0.034848 0.039711 0.058042 0.188976 0.246979 0.127884 0.043110 0.128762 0.091630
0.052517 0.035270 0.035417 0.039084 0.148391 0.099467 0.067236 0.038305 0.418405 0.065909
0.112106 0.049908 0.042633 0.047617 0.188989 0.208578 0.125849 0.045193 0.112710 0.066417
0.059699 0.038935 0.064788 0.077879 0.186451 0.283907 0.056739 0.058696 0.100671 0.072235
0.086379 0.042609 0.058770 0.114796 0.191262 0.269422 0.055869 0.047196 0.084531 0.049166
0.044162 0.034530 0.038597 0.049699 0.218753 0.272611 0.174227 0.048719 0.068651 0.050051
0.097663 0.036872 0.047717 0.127273 0.184911 0.257890 0.080326 0.055434 0.066142 0.045772
0.038787 0.043929 0.094116 0.085567 0.186924 0.128174 0.033082 0.276693 0.051415 0.061312
0.152443 0.493836 0.056475 0.040023 0.048890 0.056191 0.033485 0.040586 0.042500 0.035572
0.246718 0.038268 0.036261 0.040049 0.110547 0.160731 0.191889 0.035457 0.097470 0.042610
0.034360 0.034131 0.032013 0.033487 0.036829 0.046120 0.673520 0.034790 0.039609 0.035142
0.294329 0.068324 0.085161 0.080937 0.147606 0.142393 0.039188 0.050082 0.054095 0.037886
0.044577 0.039832 0.301755 0.097357 0.103270 0.160636 0.047842 0.067483 0.089910 0.047337
0.053521 0.566979 0.089750 0.039848 0.038502 0.044049 0.031458 0.067182 0.034656 0.034055
0.516046 0.043732 0.080570 0.043348 0.086446 0.077114 0.033422 0.036663 0.048635 0.034025
0.130149 0.034596 0.034891 0.043108 0.238222 0.196528 0.177625 0.036259 0.063036 0.045586
0.054986 0.368741 0.073981 0.051233 0.051889 0.122488 0.040203 0.056957 0.119261 0.060262
0.036617 0.033725 0.032814 0.034025 0.053064 0.096768 0.574070 0.034945 0.060766 0.043207
0.416151 0.035637 0.034437 0.040420 0.157446 0.094299 0.080560 0.035288 0.063320 0.042443
0.452076 0.094180 0.067235 0.057346 0.090939 0.076147 0.034038 0.045265 0.047387 0.035387
0.061123 0.034894 0.035936 0.043480 0.291956 0.261686 0.110635 0.037860 0.075746 0.046685
0.670490 0.034859 0.032193 0.033753 0.050797 0.045303 0.032144 0.034522 0.033214 0.032725
0.075496 0.034822 0.036253 0.049057 0.267607 0.269340 0.107520 0.038135 0.075000 0.046771
0.042886 0.041926 0.132167 0.201353 0.112088 0.170776 0.055271 0.126187 0.067236 0.050111
0.660075 0.035388 0.033815 0.034329 0.053005 0.048719 0.032869 0.034731 0.034080 0.032990
0.036608 0.034189 0.033487 0.038145 0.076552 0.127845 0.347143 0.035071 0.153780 0.117180
0.593607 0.036811 0.033938 0.034663 0.090919 0.067930 0.035126 0.035183 0.038150 0.033672
0.314003 0.036166 0.034724 0.041513 0.126758 0.160015 0.107847 0.035383 0.092609 0.050981
0.061289 0.394098 0.114989 0.066244 0.053182 0.084110 0.036239 0.091976 0.055998 0.041874
0.036932 0.036689 0.035822 0.044747 0.074867 0.150532 0.145816 0.037588 0.158143 0.278863
0.669649 0.035006 0.032919 0.033437 0.048324 0.048766 0.031644 0.034338 0.033374 0.032543
0.139056 0.036457 0.040027 0.045624 0.237474 0.295008 0.065152 0.044124 0.058491 0.038587
0.044046 0.034176 0.033979 0.038289 0.115941 0.140219 0.412463 0.035864 0.089241 0.055784
0.042743 0.037068 0.053832 0.068736 0.194959 0.256151 0.050014 0.097205 0.098637 0.100655
0.040171 0.035559 0.044895 0.073263 0.153505 0.217700 0.116631 0.051893 0.140259 0.126124
0.038605 0.033970 0.033118 0.034074 0.075158 0.083452 0.566243 0.034273 0.058556 0.042552
0.049264 0.078594 0.252484 0.106127 0.073934 0.090985 0.033051 0.233665 0.043911 0.037986
0.033873 0.034274 0.032181 0.033477 0.032899 0.037343 0.692874 0.033977 0.035431 0.033671
0.040983 0.041997 0.147958 0.122550 0.095523 0.151720 0.033431 0.248355 0.060780 0.056702
0.034638 0.037032 0.077859 0.102997 0.105334 0.178675 0.046491 0.307004 0.052559 0.057411
0.067540 0.038893 0.039570 0.052093 0.134848 0.169693 0.215872 0.040773 0.146039 0.094679
0.682321 0.035103 0.032710 0.033234 0.042325 0.041300 0.031692 0.034579 0.033793 0.032942
0.033524 0.034224 0.031988 0.033567 0.033902 0.038095 0.686856 0.034503 0.038466 0.034876
0.041030 0.651628 0.055251 0.035660 0.033680 0.038307 0.031671 0.045147 0.034144 0.033483
0.047540 0.036825 0.061872 0.223401 0.097831 0.183323 0.159855 0.050844 0.076534 0.061974
0.035810 0.034615 0.036024 0.052393 0.092722 0.132905 0.279206 0.039784 0.155512 0.141028
0.040062 0.034243 0.033802 0.037560 0.080476 0.127790 0.427926 0.035285 0.111018 0.071837
0.064239 0.034981 0.038095 0.045581 0.375311 0.226108 0.074189 0.042598 0.055139 0.043760
0.094243 0.035116 0.033813 0.037857 0.120716 0.168003 0.366270 0.035028 0.065237 0.043715
0.034732 0.033664 0.032699 0.035407 0.051339 0.065440 0.614115 0.034291 0.054911 0.043402
0.225552 0.039169 0.037151 0.044721 0.185162 0.156710 0.155002 0.037256 0.070995 0.048284
0.188940 0.046791 0.072802 0.066933 0.202395 0.236292 0.034092 0.071426 0.042434 0.037894
0.147682 0.053019 0.045352 0.077368 0.133554 0.151586 0.054918 0.041762 0.153760 0.140999
0.049363 0.037776 0.056906 0.076819 0.232606 0.253711 0.074010 0.065283 0.090046 0.063482
0.593478 0.036402 0.033808 0.034217 0.106649 0.059915 0.032495 0.035080 0.034472 0.033486
0.127802 0.037946 0.043737 0.055890 0.310375 0.233477 0.044514 0.043248 0.058466 0.044546
0.046036 0.036837 0.057798 0.102027 0.237061 0.215690 0.046921 0.071281 0.110627 0.075722
0.066846 0.035046 0.037806 0.075058 0.249738 0.243851 0.128149 0.040463 0.067086 0.055956
0.077764 0.034541 0.033838 0.037392 0.119159 0.168780 0.351676 0.034525 0.088953 0.053372
0.053355 0.613794 0.057324 0.038901 0.038365 0.042743 0.031647 0.054048 0.035295 0.034530
