0.002935 0.003024 0.027083 0.341713 0.045779 0.500937 0.001757 0.050891 0.000538 0.025342
0.031662 0.041872 0.056020 0.083200 0.095372 0.088422 0.019522 0.153820 0.380192 0.049918
0.001900 0.002775 0.006585 0.139517 0.002069 0.005185 0.012901 0.810525 0.007698 0.010846
0.035159 0.142591 0.048884 0.708003 0.002431 0.002941 0.010426 0.033935 0.001911 0.013722
0.014912 0.008641 0.123420 0.038214 0.029319 0.506736 0.002412 0.063692 0.024695 0.187958
0.000449 0.001724 0.058604 0.370394 0.000034 0.001747 0.003360 0.052960 0.000093 0.510634
0.003656 0.001480 0.017981 0.016329 0.001933 0.006526 0.002078 0.167666 0.697480 0.084870
0.004967 0.008718 0.041497 0.779239 0.000585 0.005544 0.008670 0.086747 0.000252 0.063781
0.012156 0.336870 0.037034 0.196506 0.001071 0.001313 0.397038 0.000839 0.000023 0.017150
0.012058 0.044438 0.016535 0.089333 0.670495 0.139420 0.013314 0.007893 0.003574 0.002941
0.000157 0.001137 0.039108 0.022594 0.000035 0.001015 0.017865 0.000574 0.000006 0.917509
0.170789 0.574480 0.064821 0.029560 0.007133 0.003201 0.105269 0.002008 0.006838 0.035901
0.043152 0.089317 0.033399 0.059937 0.380220 0.133617 0.071952 0.040644 0.133679 0.014083
0.000533 0.000673 0.081111 0.020452 0.000211 0.008218 0.000774 0.016831 0.000374 0.870825
0.001601 0.011786 0.220451 0.241690 0.000086 0.003693 0.014779 0.005199 0.000030 0.500686
0.025466 0.090373 0.034824 0.789436 0.007297 0.010346 0.019697 0.011812 0.000201 0.010548
0.002764 0.004741 0.028686 0.680696 0.008191 0.219757 0.002000 0.003466 0.000033 0.049666
0.814000 0.088520 0.024148 0.000736 0.011443 0.003640 0.025524 0.000102 0.001132 0.030754
0.004325 0.001861 0.017049 0.039316 0.007485 0.026771 0.003727 0.509978 0.300780 0.088708
0.000459 0.000172 0.012105 0.011784 0.001618 0.059566 0.000275 0.868868 0.004158 0.040997
0.025600 0.086149 0.082669 0.024731 0.001706 0.002169 0.635204 0.020177 0.004083 0.117511
0.009953 0.028419 0.034320 0.202300 0.132287 0.299453 0.249110 0.010662 0.000362 0.033135
0.000434 0.001669 0.113293 0.025651 0.000040 0.001523 0.003650 0.005582 0.000084 0.848074
0.025802 0.110284 0.041646 0.210278 0.324696 0.120647 0.125876 0.025438 0.004684 0.010649
0.036234 0.118536 0.098137 0.015926 0.001764 0.001662 0.576938 0.001746 0.000430 0.148627
0.200930 0.078111 0.541946 0.013652 0.002909 0.009776 0.003953 0.004587 0.008287 0.135849
0.000503 0.000363 0.002897 0.015168 0.032721 0.119724 0.000549 0.822622 0.002086 0.003367
0.000921 0.000704 0.006417 0.021126 0.003269 0.014495 0.003070 0.915674 0.015874 0.018451
0.000824 0.001231 0.012744 0.021535 0.000845 0.002657 0.001424 0.462648 0.454038 0.042053
0.097528 0.261404 0.103413 0.146012 0.052540 0.047550 0.209003 0.019751 0.008552 0.054248
0.001128 0.001836 0.082025 0.004815 0.000135 0.001167 0.024248 0.001741 0.000113 0.882793
0.402403 0.048837 0.102342 0.006883 0.116410 0.228886 0.016890 0.002385 0.002871 0.072094
0.011393 0.158413 0.066702 0.383695 0.002495 0.006784 0.318727 0.005391 0.000120 0.046280
0.038371 0.256433 0.110699 0.157851 0.028964 0.024155 0.250253 0.002318 0.000682 0.130274
0.016710 0.040206 0.073543 0.464391 0.005867 0.010595 0.014568 0.305288 0.018069 0.050764
0.041445 0.005726 0.064649 0.011536 0.018368 0.058316 0.004907 0.059488 0.589298 0.146269
0.010420 0.050685 0.016203 0.109530 0.445371 0.280271 0.080610 0.001989 0.000198 0.004722
0.021650 0.028068 0.089012 0.723356 0.003213 0.013589 0.005796 0.054309 0.000899 0.060109
0.115140 0.422500 0.055223 0.133416 0.126108 0.040390 0.086912 0.003067 0.001768 0.015475
0.000405 0.000328 0.042235 0.029761 0.002892 0.609141 0.000136 0.029853 0.000227 0.285023
0.003866 0.006239 0.020219 0.331914 0.001067 0.003235 0.006796 0.601513 0.006538 0.018615
0.002466 0.011296 0.010232 0.791749 0.034767 0.108905 0.032265 0.003113 0.000016 0.005191
0.017938 0.019750 0.116588 0.161757 0.002415 0.009751 0.029031 0.300109 0.041216 0.301445
0.015847 0.033486 0.374409 0.034372 0.000360 0.001092 0.018917 0.038418 0.025092 0.458008
0.055019 0.787690 0.022266 0.104626 0.005930 0.001501 0.016868 0.000787 0.001265 0.004048
0.000065 0.000043 0.003348 0.000956 0.004491 0.980103 0.000008 0.001023 0.000007 0.009956
0.001742 0.039776 0.013074 0.084848 0.000409 0.000704 0.841744 0.000226 0.000005 0.017471
0.008879 0.017259 0.173679 0.253501 0.001536 0.010877 0.014779 0.158406 0.004931 0.356153
0.000503 0.000481 0.267899 0.030006 0.000014 0.002104 0.000110 0.013906 0.000174 0.684803
0.015596 0.057269 0.172566 0.492987 0.001534 0.014925 0.062916 0.034813 0.000434 0.146960
0.010287 0.071982 0.066462 0.718717 0.009157 0.026990 0.028064 0.006017 0.000211 0.062113
0.000269 0.000203 0.001896 0.025526 0.000495 0.002554 0.001065 0.959019 0.001999 0.006974
0.000117 0.000053 0.056390 0.001070 0.000015 0.001541 0.000105 0.005041 0.000167 0.935501
0.007427 0.048753 0.006886 0.005703 0.000530 0.000181 0.918687 0.000182 0.000040 0.011612
0.019661 0.006218 0.048440 0.009261 0.126002 0.296650 0.009812 0.074097 0.352030 0.057830
0.000116 0.002949 0.001121 0.003037 0.000030 0.000034 0.987626 0.000001 0.000000 0.005086
0.124191 0.088138 0.042045 0.074148 0.248407 0.173887 0.211755 0.010359 0.008599 0.018472
0.007071 0.024579 0.295645 0.054229 0.000151 0.000891 0.039799 0.027826 0.002975 0.546835
0.055359 0.029339 0.336772 0.043081 0.008772 0.054566 0.016113 0.037587 0.021418 0.396994
0.000486 0.000998 0.014286 0.017852 0.014914 0.921008 0.000167 0.004239 0.000166 0.025885
0.012229 0.002971 0.038607 0.010221 0.004169 0.019219 0.008064 0.116111 0.514313 0.274097
0.220429 0.162094 0.282776 0.026395 0.015621 0.020542 0.057516 0.005036 0.005173 0.204419
0.000590 0.000050 0.032695 0.001229 0.000099 0.005481 0.000233 0.169608 0.156976 0.633039
0.028931 0.039526 0.051189 0.736994 0.003468 0.010077 0.021693 0.078607 0.000714 0.028803
0.000435 0.000424 0.066438 0.024354 0.001830 0.557008 0.000108 0.005863 0.000064 0.343475
0.009292 0.204274 0.035900 0.133340 0.000533 0.000945 0.601759 0.000700 0.000020 0.013236
0.055803 0.021503 0.343774 0.069812 0.006165 0.035620 0.006300 0.080991 0.089580 0.290452
0.000826 0.001585 0.078622 0.050752 0.000270 0.007123 0.003113 0.027897 0.000463 0.829349
0.002253 0.009269 0.019961 0.847992 0.006018 0.050551 0.011460 0.000641 0.000003 0.051852
0.023866 0.159164 0.303182 0.134793 0.000862 0.003565 0.113135 0.004764 0.000199 0.256470
0.000619 0.000264 0.082213 0.000252 0.000011 0.000165 0.001510 0.000400 0.000089 0.914476
0.000401 0.000814 0.011125 0.020162 0.024707 0.915701 0.000290 0.012574 0.000112 0.014114
0.000026 0.000015 0.003674 0.013836 0.000054 0.005950 0.000026 0.929062 0.000234 0.047123
0.148903 0.273716 0.028763 0.069252 0.358035 0.061286 0.034879 0.003649 0.013422 0.008094
0.002293 0.034771 0.035583 0.031910 0.000395 0.001044 0.785960 0.000541 0.000015 0.107489
0.000423 0.000389 0.154239 0.008423 0.000006 0.000260 0.000386 0.065487 0.004141 0.766248
0.006276 0.003592 0.300255 0.005695 0.000120 0.001042 0.005447 0.047836 0.026563 0.603176
0.006351 0.013759 0.039070 0.547633 0.000973 0.003412 0.006581 0.358936 0.003435 0.019850
0.067049 0.186074 0.072720 0.239950 0.228982 0.170356 0.012584 0.004015 0.000945 0.017326
0.000055 0.000066 0.020024 0.007536 0.000548 0.653316 0.000027 0.001832 0.000010 0.316587
0.001392 0.004541 0.025960 0.094823 0.016558 0.704115 0.015841 0.001092 0.000029 0.135649
0.089610 0.634174 0.049411 0.047974 0.005358 0.002401 0.113000 0.004392 0.023426 0.030253
0.000263 0.000079 0.009115 0.003248 0.000479 0.011777 0.000210 0.829618 0.068810 0.076401
0.000238 0.000236 0.005897 0.005196 0.016645 0.920923 0.000075 0.039865 0.000312 0.010612
0.002979 0.004687 0.019332 0.631098 0.040351 0.278518 0.002948 0.010813 0.000049 0.009225
0.024245 0.023945 0.097154 0.098168 0.142830 0.569682 0.001456 0.016966 0.003077 0.022477
0.056883 0.395178 0.072209 0.049407 0.005163 0.002450 0.334677 0.003652 0.003419 0.076960
0.000565 0.000386 0.018335 0.015719 0.007928 0.575152 0.000339 0.318526 0.001793 0.061258
0.009049 0.157181 0.064769 0.371662 0.005025 0.010560 0.324707 0.001694 0.000050 0.055303
0.000095 0.000028 0.006882 0.006565 0.000095 0.012558 0.000086 0.897459 0.001329 0.074903
0.001013 0.000540 0.002340 0.000747 0.000179 0.000211 0.000528 0.007964 0.964977 0.021502
0.009520 0.013388 0.057032 0.250752 0.105371 0.430773 0.006691 0.084594 0.002727 0.039153
0.262097 0.164596 0.062017 0.024625 0.014984 0.006400 0.318602 0.008769 0.033111 0.104798
0.000227 0.000535 0.014038 0.035642 0.006168 0.918252 0.000069 0.001544 0.000017 0.023508
0.029332 0.322835 0.157912 0.050412 0.001653 0.002008 0.303407 0.002668 0.000480 0.129293
0.057654 0.017084 0.250492 0.001493 0.000269 0.000524 0.061377 0.002005 0.002842 0.606260
0.001833 0.014108 0.032845 0.178950 0.054624 0.631478 0.050324 0.002651 0.000049 0.033138
0.000595 0.000289 0.004740 0.014077 0.003882 0.018234 0.000823 0.930802 0.013668 0.012891
0.010596 0.003291 0.059754 0.011647 0.014399 0.111327 0.024848 0.310184 0.087856 0.366097
0.011104 0.052329 0.017899 0.076025 0.542593 0.121978 0.023225 0.064736 0.084005 0.006107
0.007861 0.009178 0.006565 0.000474 0.000248 0.000050 0.914066 0.000022 0.000014 0.061523
0.003727 0.011835 0.010875 0.066654 0.443992 0.456992 0.001815 0.001560 0.000163 0.002387
0.007282 0.031910 0.017937 0.204354 0.010513 0.012541 0.062156 0.601696 0.036649 0.014961
0.012189 0.044359 0.191984 0.576489 0.001098 0.006476 0.006932 0.032014 0.000871 0.127588
0.005722 0.004744 0.038208 0.666295 0.002463 0.021076 0.003109 0.220302 0.000527 0.037555
0.001082 0.013956 0.082259 0.763579 0.000043 0.000636 0.008319 0.011899 0.000079 0.118146
0.000872 0.000997 0.070904 0.130825 0.000202 0.009781 0.001183 0.232609 0.001203 0.551425
0.000267 0.007354 0.069803 0.395746 0.000016 0.000665 0.050824 0.001585 0.000003 0.473736
0.002977 0.015690 0.008733 0.898538 0.014223 0.032478 0.016377 0.006349 0.000026 0.004609
0.003611 0.003421 0.019552 0.882160 0.001921 0.030578 0.004282 0.011438 0.000018 0.043020
0.002000 0.047882 0.013425 0.715898 0.000737 0.002434 0.207569 0.001085 0.000008 0.008962
0.004407 0.025076 0.030982 0.693294 0.002475 0.005095 0.015677 0.203772 0.002584 0.016636
0.009627 0.010208 0.033049 0.263110 0.065796 0.119940 0.010767 0.473011 0.005250 0.009241
0.002866 0.027253 0.007402 0.024590 0.003828 0.002472 0.921763 0.000283 0.000018 0.009526
0.003188 0.011126 0.085326 0.170308 0.017747 0.337663 0.010683 0.006556 0.000231 0.357172
0.022504 0.012604 0.021471 0.007071 0.002005 0.001941 0.010397 0.014714 0.821945 0.085349
0.029600 0.109444 0.104599 0.573029 0.011684 0.018359 0.036893 0.078311 0.003985 0.034097
0.052211 0.520100 0.100217 0.067733 0.001200 0.001359 0.200274 0.007129 0.002975 0.046803
0.033028 0.171233 0.078497 0.520171 0.032445 0.045936 0.059022 0.014395 0.001200 0.044074
0.005899 0.026438 0.028754 0.104925 0.315460 0.481862 0.015621 0.011690 0.000937 0.008415
0.000484 0.000847 0.080227 0.180158 0.000010 0.000799 0.001321 0.149819 0.000421 0.585914
0.000774 0.000954 0.011803 0.103568 0.040829 0.655905 0.000736 0.170336 0.000335 0.014760
0.000511 0.003833 0.067012 0.071578 0.000243 0.008134 0.016993 0.000460 0.000007 0.831230
0.002252 0.029336 0.019509 0.147156 0.005053 0.021548 0.746572 0.000268 0.000003 0.028303
0.080694 0.096454 0.032092 0.026974 0.505489 0.200363 0.044573 0.002574 0.002056 0.008731
0.000080 0.000060 0.001935 0.006151 0.001268 0.015874 0.000185 0.969507 0.001375 0.003565
0.007441 0.013509 0.014974 0.070414 0.031390 0.025270 0.006270 0.181420 0.624983 0.024329
0.000016 0.000024 0.000720 0.002492 0.000152 0.001209 0.000094 0.982899 0.007376 0.005016
0.007701 0.001476 0.012951 0.004332 0.001667 0.004275 0.001270 0.029729 0.871667 0.064932
0.056835 0.066240 0.197017 0.100069 0.059976 0.405530 0.015580 0.018901 0.003045 0.076807
0.041019 0.097691 0.098618 0.509753 0.039412 0.081980 0.045816 0.019264 0.001573 0.064875
0.008477 0.003634 0.021133 0.037910 0.006815 0.014298 0.002937 0.185949 0.642735 0.076111
0.002968 0.004961 0.036641 0.141884 0.050246 0.606165 0.003916 0.114067 0.002351 0.036800
0.000024 0.000030 0.036752 0.004973 0.000008 0.005490 0.000048 0.002067 0.000006 0.950603
0.010124 0.016285 0.024816 0.827397 0.001412 0.005178 0.015491 0.085038 0.000231 0.014029
0.000294 0.000499 0.120427 0.011800 0.000022 0.001113 0.000525 0.011306 0.000220 0.853794
0.010451 0.176861 0.296362 0.164202 0.000174 0.000667 0.119041 0.005105 0.000234 0.226904
0.003952 0.001321 0.014786 0.010152 0.003353 0.012369 0.001801 0.115537 0.750171 0.086560
0.003445 0.037158 0.065087 0.778003 0.000423 0.002450 0.025757 0.011756 0.000119 0.075802
0.031633 0.035969 0.554861 0.109710 0.000498 0.003458 0.004001 0.056468 0.013357 0.190046
0.672023 0.106715 0.055166 0.002289 0.005242 0.003907 0.113061 0.000464 0.000660 0.040473
0.001506 0.021121 0.020982 0.521866 0.049368 0.203646 0.134889 0.000380 0.000008 0.046235
0.025514 0.202093 0.114212 0.142742 0.003313 0.007285 0.414788 0.008203 0.000671 0.081179
0.000158 0.000395 0.002423 0.009379 0.059869 0.924195 0.000089 0.000934 0.000008 0.002550
0.105954 0.398389 0.100586 0.069359 0.005965 0.007854 0.272618 0.006833 0.001345 0.031096
0.204270 0.116556 0.252704 0.124171 0.071823 0.134196 0.005776 0.017631 0.012209 0.060665
0.097420 0.174064 0.072116 0.340033 0.124890 0.104424 0.053882 0.010953 0.001935 0.020283
0.000385 0.002575 0.006459 0.975669 0.000022 0.000321 0.002506 0.005000 0.000002 0.007061
0.027548 0.106430 0.044229 0.274233 0.015048 0.016672 0.192120 0.259366 0.024892 0.039461
0.000027 0.000015 0.003078 0.001264 0.000049 0.002382 0.000066 0.950593 0.008568 0.033959
0.223239 0.066219 0.112363 0.030939 0.080891 0.090665 0.019253 0.028406 0.273100 0.074925
0.048368 0.021839 0.039936 0.020811 0.006432 0.009396 0.005494 0.022848 0.751602 0.073274
0.144420 0.140770 0.060271 0.320794 0.149741 0.053911 0.013098 0.033572 0.060809 0.022614
0.050998 0.199954 0.074717 0.120269 0.015275 0.019346 0.379885 0.071379 0.023460 0.044717
0.004731 0.023480 0.030904 0.467361 0.060019 0.305121 0.058896 0.003265 0.000110 0.046114
0.000136 0.000337 0.001445 0.019879 0.000899 0.003237 0.002268 0.964670 0.003857 0.003271
0.000533 0.003124 0.005043 0.955743 0.000413 0.005946 0.017155 0.001763 0.000001 0.010279
0.001528 0.001744 0.017274 0.053470 0.000732 0.003174 0.002377 0.680829 0.170841 0.068030
0.042757 0.038721 0.092354 0.280132 0.111087 0.281613 0.014161 0.046913 0.011954 0.080308
0.000182 0.000126 0.012016 0.008229 0.002668 0.831738 0.000105 0.073030 0.000248 0.071658
0.000156 0.002628 0.002487 0.007745 0.000079 0.000145 0.967433 0.000013 0.000000 0.019314
0.003778 0.025287 0.025643 0.819725 0.000656 0.001643 0.011462 0.098489 0.000604 0.012713
0.006254 0.024291 0.024935 0.570209 0.101337 0.247746 0.006578 0.003140 0.000126 0.015385
0.015633 0.004827 0.035426 0.011984 0.033876 0.099804 0.003686 0.072667 0.667909 0.054189
0.007903 0.042664 0.034467 0.849041 0.003173 0.010917 0.018301 0.004781 0.000054 0.028698
0.077648 0.151612 0.042260 0.047881 0.360152 0.132948 0.152379 0.012764 0.014384 0.007971
0.004919 0.012458 0.250371 0.027249 0.000214 0.001251 0.019084 0.009848 0.001149 0.673456
0.010648 0.093287 0.118502 0.153502 0.000852 0.003008 0.452317 0.010902 0.000427 0.156555
0.015955 0.071068 0.020729 0.865328 0.001109 0.001367 0.006087 0.014777 0.000181 0.003399
0.002627 0.025742 0.040673 0.880211 0.000038 0.000223 0.004406 0.036904 0.000166 0.009011
0.013703 0.035965 0.069792 0.747709 0.005006 0.028177 0.019839 0.030639 0.000448 0.048722
0.000619 0.000468 0.003707 0.025318 0.003842 0.012185 0.001508 0.938526 0.005609 0.008219
0.019972 0.011164 0.099497 0.033482 0.078851 0.702469 0.000829 0.024125 0.003644 0.025967
0.008521 0.236535 0.027045 0.422954 0.001568 0.001773 0.289109 0.005194 0.000059 0.007243
0.001712 0.003891 0.007559 0.068394 0.133855 0.093426 0.005823 0.664947 0.017601 0.002791
0.000953 0.002910 0.087974 0.237850 0.000439 0.015919 0.002360 0.037091 0.000523 0.613981
0.002440 0.005897 0.015874 0.209728 0.185261 0.567065 0.001766 0.007078 0.000145 0.004746
0.021322 0.042935 0.060491 0.239775 0.131776 0.128223 0.128101 0.211802 0.011823 0.023751
0.003220 0.002999 0.010890 0.027310 0.006789 0.013810 0.009041 0.255674 0.611189 0.059077
0.000089 0.000134 0.048703 0.004074 0.000012 0.000886 0.000510 0.003739 0.000050 0.941802
0.001720 0.004235 0.020993 0.339484 0.039242 0.559031 0.002229 0.009869 0.000113 0.023083
0.005932 0.030896 0.005632 0.092885 0.706573 0.153039 0.003226 0.000857 0.000086 0.000874
0.001742 0.001503 0.027759 0.013364 0.028662 0.515124 0.001000 0.325669 0.021756 0.063421
0.007497 0.003200 0.025741 0.255975 0.006213 0.031110 0.004565 0.616718 0.003279 0.045704
0.002190 0.007661 0.025515 0.868853 0.000126 0.000879 0.003859 0.073865 0.000134 0.016918
0.000079 0.000128 0.022142 0.003945 0.000043 0.002164 0.001083 0.002322 0.000034 0.968060
0.033953 0.237142 0.027772 0.024529 0.005241 0.001331 0.633520 0.000331 0.000254 0.035928
0.010410 0.092124 0.074216 0.487751 0.006955 0.023499 0.204496 0.005566 0.000107 0.094875
0.000475 0.000151 0.017241 0.004120 0.004876 0.370891 0.000107 0.549344 0.007243 0.045553
0.054753 0.047336 0.272697 0.373845 0.011245 0.052833 0.002522 0.038664 0.005828 0.140277
0.081842 0.108061 0.069338 0.098803 0.321770 0.148804 0.028386 0.038729 0.077733 0.026534
0.039158 0.024105 0.047966 0.068393 0.059038 0.076288 0.022767 0.100185 0.491228 0.070872
0.004549 0.001591 0.062964 0.009061 0.000280 0.002021 0.006575 0.173055 0.221087 0.518816
0.002156 0.024589 0.045433 0.839177 0.000111 0.000612 0.011340 0.054663 0.000306 0.021614
0.000356 0.007586 0.004337 0.028004 0.000100 0.000166 0.942698 0.000041 0.000001 0.016712
0.012580 0.023073 0.054445 0.500952 0.004129 0.008430 0.007852 0.341887 0.010937 0.035716
0.006618 0.021665 0.018303 0.874013 0.000682 0.001949 0.014894 0.052588 0.000132 0.009156
0.040273 0.051459 0.020346 0.059785 0.416935 0.268758 0.133615 0.002425 0.000534 0.005869
0.119613 0.317041 0.074398 0.296900 0.051649 0.024715 0.029948 0.021655 0.040133 0.023948
0.294318 0.150489 0.062269 0.030019 0.248867 0.153854 0.040167 0.002858 0.001866 0.015295
0.000324 0.003226 0.003473 0.005195 0.000093 0.000170 0.963180 0.000022 0.000000 0.024318
0.005237 0.043417 0.018742 0.793892 0.013532 0.025644 0.081460 0.001339 0.000016 0.016722
0.008259 0.003346 0.027280 0.309902 0.001958 0.011066 0.005481 0.587037 0.004035 0.041636
0.027503 0.195624 0.108683 0.185993 0.042737 0.069352 0.301622 0.006550 0.000581 0.061355
0.040629 0.429122 0.153925 0.281358 0.002955 0.003663 0.032769 0.007944 0.001356 0.046278
0.000881 0.001647 0.122313 0.234365 0.000042 0.002529 0.001790 0.083890 0.000247 0.552298
0.000254 0.000369 0.004849 0.007947 0.001559 0.006836 0.001009 0.728507 0.225858 0.022811
0.004326 0.033235 0.012249 0.875642 0.001130 0.001664 0.024070 0.043993 0.000143 0.003547
0.035101 0.261449 0.183697 0.048326 0.001796 0.002207 0.302974 0.007965 0.001659 0.154826
0.003780 0.015905 0.024328 0.900776 0.000386 0.001642 0.006897 0.032179 0.000108 0.013998
0.000286 0.000137 0.005326 0.005328 0.001201 0.016309 0.000665 0.917157 0.021001 0.032591
0.001820 0.006310 0.011500 0.941143 0.000348 0.002689 0.008956 0.015842 0.000017 0.011376
0.023487 0.193538 0.044544 0.329161 0.009850 0.012159 0.323605 0.052031 0.001271 0.010355
0.000737 0.001662 0.013032 0.021712 0.057730 0.885731 0.000243 0.012947 0.000178 0.006030
0.000177 0.000225 0.007502 0.002785 0.008524 0.972163 0.000031 0.002737 0.000043 0.005813
0.006775 0.071668 0.027965 0.828564 0.000852 0.001720 0.037935 0.012059 0.000086 0.012377
0.001538 0.000921 0.087718 0.066451 0.000756 0.055190 0.001002 0.162136 0.001559 0.622730
0.000418 0.008982 0.007548 0.825929 0.001086 0.011087 0.126325 0.000371 0.000001 0.018253
0.005017 0.015738 0.201598 0.341586 0.001255 0.016038 0.006593 0.024598 0.000630 0.386948
0.019933 0.035307 0.039150 0.793531 0.003546 0.013062 0.029671 0.043052 0.000254 0.022494
0.014215 0.007259 0.089552 0.115917 0.031432 0.499783 0.001703 0.122654 0.011563 0.105921
0.000042 0.000082 0.002234 0.002447 0.007429 0.984193 0.000013 0.000438 0.000002 0.003120
0.003574 0.031369 0.011030 0.919283 0.000324 0.001051 0.024559 0.002387 0.000006 0.006418
0.019117 0.030329 0.046259 0.067729 0.359389 0.267728 0.031063 0.071574 0.083512 0.023300
0.001474 0.000849 0.010788 0.006858 0.004886 0.018905 0.003639 0.255092 0.601457 0.096052
0.021176 0.040016 0.075242 0.094721 0.154136 0.435033 0.078286 0.059516 0.008916 0.032959
0.012181 0.018963 0.672944 0.037589 0.000070 0.001135 0.003744 0.010720 0.001112 0.241543
0.011347 0.060861 0.027612 0.797800 0.017472 0.027060 0.034595 0.013708 0.000170 0.009374
0.007728 0.066177 0.018221 0.445163 0.008520 0.009525 0.425300 0.009548 0.000096 0.009722
0.643577 0.064294 0.037227 0.002350 0.134476 0.079656 0.016751 0.000434 0.001102 0.020133
0.018552 0.303760 0.072582 0.091215 0.001245 0.002073 0.472127 0.001620 0.000097 0.036728
0.000385 0.000510 0.008131 0.032728 0.000337 0.002246 0.001006 0.911263 0.012863 0.030531
0.009975 0.021558 0.025465 0.765279 0.013607 0.031766 0.028348 0.092858 0.000362 0.010782
0.035429 0.297979 0.134506 0.169869 0.006446 0.013774 0.256543 0.005005 0.000508 0.079939
0.012703 0.224555 0.027523 0.357241 0.002672 0.002374 0.355260 0.003662 0.000071 0.013939
0.052819 0.097214 0.047992 0.273897 0.285127 0.210684 0.009592 0.003706 0.000609 0.018360
0.000876 0.000706 0.003867 0.057895 0.001873 0.004845 0.002675 0.904173 0.014078 0.009012
0.004321 0.033835 0.011832 0.015872 0.001355 0.000973 0.906569 0.000118 0.000012 0.025113
0.029145 0.031925 0.028087 0.125455 0.499777 0.176310 0.022604 0.063536 0.015101 0.008060
0.000027 0.000204 0.028030 0.031953 0.000005 0.000818 0.001083 0.001239 0.000003 0.936638
0.001070 0.033444 0.034550 0.205916 0.000399 0.001791 0.551151 0.000318 0.000005 0.171357
0.059310 0.184110 0.075028 0.536031 0.003489 0.004930 0.035265 0.064870 0.005643 0.031325
0.100452 0.521950 0.035375 0.025804 0.006032 0.002595 0.288564 0.001304 0.001339 0.016586
0.007160 0.019671 0.061571 0.104467 0.094122 0.558893 0.015909 0.003380 0.000234 0.134595
0.005315 0.012346 0.045474 0.107649 0.100205 0.692054 0.003880 0.008794 0.000464 0.023819
0.029007 0.177482 0.018696 0.740566 0.006948 0.004147 0.014295 0.004554 0.000175 0.004129
0.000143 0.000108 0.093383 0.007311 0.000010 0.001565 0.000104 0.036138 0.000464 0.860774
0.000533 0.000451 0.007149 0.042940 0.001519 0.018098 0.001458 0.905451 0.001622 0.020779
0.000849 0.000652 0.018491 0.005503 0.006333 0.100595 0.001695 0.601966 0.175156 0.088758
0.000094 0.000082 0.055241 0.002310 0.000008 0.000813 0.000302 0.012029 0.000208 0.928912
0.051956 0.119576 0.039088 0.078984 0.517731 0.134722 0.014383 0.014868 0.021650 0.007043
0.042046 0.185476 0.179801 0.031760 0.001108 0.002671 0.433461 0.002918 0.000235 0.120524
0.002936 0.002542 0.025050 0.178841 0.001262 0.008322 0.003050 0.738825 0.003562 0.035610
0.000841 0.009845 0.004796 0.017290 0.000791 0.000844 0.954365 0.000115 0.000003 0.011110
0.003772 0.024049 0.246783 0.054391 0.000059 0.000247 0.041282 0.026287 0.003084 0.600046
0.000990 0.027387 0.020239 0.850326 0.000161 0.001317 0.075250 0.002759 0.000006 0.021564
0.005988 0.004776 0.020370 0.081242 0.011783 0.026661 0.011849 0.670277 0.105905 0.061151
0.001392 0.000909 0.034787 0.293179 0.000187 0.004687 0.001112 0.537455 0.000690 0.125602
0.005786 0.004468 0.007767 0.006929 0.003415 0.003096 0.004049 0.022348 0.910005 0.032138
0.106221 0.032817 0.213134 0.008601 0.062616 0.482063 0.007369 0.006991 0.002869 0.077319
0.004198 0.003252 0.028455 0.008336 0.088541 0.839222 0.000318 0.012507 0.001461 0.013711
0.001964 0.010358 0.021772 0.219072 0.143033 0.578907 0.009359 0.010013 0.000199 0.005322
0.038522 0.263108 0.093125 0.219626 0.048342 0.055766 0.217287 0.002575 0.000367 0.061282
0.002558 0.001430 0.027460 0.036681 0.003272 0.017723 0.002336 0.695298 0.141681 0.071561
0.122682 0.620790 0.067740 0.049600 0.005717 0.003067 0.091718 0.002874 0.006145 0.029666
0.110835 0.489462 0.101490 0.085447 0.019475 0.015740 0.140140 0.004774 0.001930 0.030706
0.003773 0.012857 0.030955 0.583307 0.035539 0.291881 0.005236 0.003806 0.000076 0.032569
0.012963 0.159507 0.087321 0.065910 0.000539 0.001037 0.577857 0.004596 0.000218 0.090052
0.028569 0.070441 0.030638 0.017792 0.003364 0.001948 0.807229 0.001449 0.000270 0.038301
0.037817 0.329046 0.047506 0.039429 0.002077 0.001479 0.514535 0.002842 0.001141 0.024127
0.025748 0.239948 0.100537 0.028183 0.000565 0.000803 0.524623 0.002165 0.000252 0.077177
0.054464 0.345984 0.051179 0.292711 0.092106 0.036347 0.087551 0.025932 0.004153 0.009572
0.001182 0.001083 0.012614 0.068144 0.000595 0.003123 0.002266 0.870148 0.016095 0.024751
0.035802 0.080616 0.035431 0.106551 0.541909 0.141740 0.021581 0.014671 0.014098 0.007602
0.006430 0.003823 0.107357 0.074467 0.000529 0.005146 0.003073 0.498538 0.042722 0.257915
0.000030 0.000025 0.000663 0.010771 0.000045 0.000670 0.000131 0.984808 0.000306 0.002551
0.276423 0.333373 0.063099 0.049480 0.038494 0.027341 0.190089 0.002661 0.002288 0.016751
0.033552 0.032620 0.081939 0.506840 0.045946 0.182298 0.008905 0.024338 0.001451 0.082109
0.091735 0.046429 0.278986 0.014016 0.016472 0.044347 0.038217 0.003903 0.002223 0.463672
0.027381 0.052543 0.549960 0.089394 0.000148 0.000829 0.004955 0.031944 0.010938 0.231909
0.002093 0.001835 0.024669 0.007003 0.026928 0.921473 0.000144 0.000975 0.000043 0.014837
0.072695 0.371808 0.079747 0.058131 0.003064 0.003855 0.375619 0.005707 0.001521 0.027854
0.000321 0.000653 0.008956 0.052368 0.022898 0.901619 0.000106 0.004660 0.000024 0.008393
0.000200 0.000149 0.006817 0.007954 0.000246 0.004101 0.000636 0.909374 0.018574 0.051951
0.016736 0.005634 0.043481 0.016998 0.090484 0.331884 0.003699 0.109843 0.327717 0.053525
0.044101 0.044565 0.081326 0.307661 0.158008 0.182578 0.015461 0.102416 0.023584 0.040301
0.000797 0.002760 0.074291 0.295384 0.000626 0.042515 0.003058 0.009629 0.000038 0.570903
0.011536 0.009061 0.016056 0.052211 0.026954 0.022684 0.008018 0.142431 0.671353 0.039695
0.076243 0.048971 0.089425 0.028621 0.213593 0.514089 0.002311 0.004151 0.002073 0.020523
0.007501 0.003242 0.603314 0.022479 0.000079 0.001868 0.000305 0.030918 0.010722 0.319572
0.082043 0.039000 0.228771 0.032489 0.012154 0.025721 0.009500 0.073313 0.339394 0.157615
0.020327 0.058923 0.054276 0.177390 0.299095 0.366103 0.006611 0.007945 0.000752 0.008578
0.319974 0.302712 0.061505 0.026694 0.176260 0.077176 0.020293 0.001280 0.001615 0.012490
0.021213 0.006492 0.019616 0.009346 0.009103 0.011899 0.003117 0.023563 0.844741 0.050911
0.005144 0.068749 0.015583 0.090809 0.001951 0.002262 0.801349 0.000871 0.000039 0.013242
0.004512 0.001226 0.023805 0.026403 0.010640 0.074142 0.001992 0.532718 0.217428 0.107135
0.001104 0.003441 0.181852 0.021790 0.000025 0.000366 0.005431 0.011666 0.000526 0.773801
0.020857 0.089956 0.076134 0.572110 0.004241 0.007811 0.070421 0.083388 0.002865 0.072215
0.001949 0.003034 0.025462 0.030651 0.041657 0.832137 0.001092 0.033932 0.001578 0.028507
0.000560 0.000696 0.074236 0.001437 0.000022 0.000259 0.004705 0.000775 0.000083 0.917228
0.000013 0.000013 0.031767 0.001142 0.000001 0.000487 0.000028 0.007231 0.000051 0.959267
0.000240 0.000420 0.003962 0.007244 0.039344 0.943890 0.000052 0.002314 0.000018 0.002516
0.008437 0.013227 0.120185 0.133593 0.000889 0.003897 0.005860 0.427808 0.059975 0.226127
0.036946 0.011969 0.325891 0.005665 0.000667 0.002815 0.020917 0.012048 0.010522 0.572562
0.011261 0.044598 0.099912 0.107085 0.016885 0.035213 0.205969 0.002939 0.000467 0.475672
0.013873 0.004241 0.034654 0.033030 0.010364 0.039861 0.004556 0.168150 0.560691 0.130580
0.211016 0.055221 0.047847 0.010374 0.361688 0.240328 0.035189 0.005025 0.006687 0.026625
0.010669 0.012345 0.045385 0.065134 0.238118 0.369588 0.010612 0.197588 0.032973 0.017589
0.004514 0.005142 0.017570 0.222900 0.001932 0.005225 0.009433 0.651730 0.036563 0.044992
0.000073 0.000150 0.039298 0.005343 0.000010 0.000647 0.000836 0.004275 0.000044 0.949325
0.011173 0.010590 0.080465 0.071532 0.032844 0.508531 0.005504 0.102890 0.010349 0.166122
0.619983 0.214125 0.070496 0.003532 0.002770 0.001907 0.038227 0.000307 0.001222 0.047431
0.000079 0.000081 0.063116 0.000914 0.000002 0.000099 0.000301 0.002430 0.000079 0.932900
0.000194 0.000062 0.006759 0.012059 0.000116 0.004051 0.000106 0.941070 0.001654 0.033930
0.013346 0.053771 0.088188 0.657903 0.001779 0.004935 0.021054 0.074968 0.001777 0.082279
0.002623 0.000880 0.017996 0.172230 0.001777 0.025225 0.002569 0.709411 0.001312 0.065976
0.261127 0.390347 0.129934 0.038660 0.016398 0.012125 0.095256 0.002940 0.002538 0.050675
0.108179 0.333920 0.038129 0.086005 0.203945 0.048836 0.143924 0.007357 0.009358 0.020348
0.000800 0.001071 0.111481 0.016715 0.000026 0.000493 0.001924 0.132433 0.008156 0.726901
0.020766 0.013296 0.032304 0.030193 0.134668 0.209738 0.009076 0.120296 0.401264 0.028397
0.031243 0.017492 0.052325 0.292945 0.029394 0.072276 0.048360 0.386386 0.010292 0.059286
0.006149 0.073607 0.068180 0.467632 0.002240 0.009824 0.258510 0.005977 0.000090 0.107792
0.000245 0.005202 0.002579 0.011035 0.000147 0.000166 0.964577 0.000007 0.000000 0.016044
0.001689 0.007248 0.012270 0.907416 0.000085 0.000399 0.004052 0.060165 0.000082 0.006596
0.009702 0.003948 0.042760 0.091207 0.004763 0.021473 0.006502 0.621261 0.085829 0.112556
0.003554 0.000691 0.010131 0.003781 0.001848 0.005713 0.001272 0.061075 0.847739 0.064197
0.000036 0.000086 0.046393 0.004059 0.000002 0.000197 0.000186 0.002711 0.000026 0.946304
0.008168 0.013551 0.010980 0.026644 0.542248 0.392879 0.001621 0.001858 0.000571 0.001480
0.002382 0.000143 0.042044 0.001114 0.000279 0.009330 0.001085 0.039837 0.044991 0.858796
0.006313 0.007116 0.532421 0.019765 0.000161 0.003744 0.001397 0.005107 0.000559 0.423417
0.192355 0.032911 0.192267 0.011451 0.075669 0.282010 0.014989 0.013327 0.019628 0.165394
0.529320 0.087989 0.130522 0.003160 0.001959 0.002103 0.026121 0.001802 0.039320 0.177703
0.011250 0.016041 0.028022 0.730997 0.034788 0.104219 0.034247 0.019804 0.000208 0.020425
0.031636 0.145869 0.063011 0.495825 0.004220 0.005619 0.045555 0.168457 0.018949 0.020859
0.063627 0.105581 0.077337 0.036616 0.012279 0.010343 0.453560 0.070195 0.068643 0.101818
0.001160 0.000612 0.010632 0.001223 0.035546 0.938877 0.000084 0.000888 0.000054 0.010925
0.092479 0.323083 0.088592 0.275417 0.031216 0.022401 0.050306 0.049539 0.035861 0.031106
0.003861 0.002727 0.033511 0.009080 0.070006 0.838287 0.000315 0.019799 0.002784 0.019629
0.151714 0.127653 0.104865 0.104373 0.130656 0.108490 0.067944 0.050898 0.088641 0.064767
0.007963 0.089725 0.128965 0.582397 0.001056 0.003738 0.061997 0.023324 0.000726 0.100109
0.039410 0.199109 0.027764 0.107035 0.115195 0.029303 0.459420 0.001868 0.000822 0.020072
0.014079 0.100531 0.029910 0.328176 0.170594 0.106143 0.227000 0.012261 0.000593 0.010712
0.004349 0.002999 0.018647 0.043850 0.045110 0.108867 0.005901 0.719086 0.028581 0.022609
0.011721 0.004929 0.307201 0.021716 0.006113 0.254402 0.001230 0.038742 0.005711 0.348234
0.000420 0.000884 0.010290 0.047856 0.035618 0.876227 0.000193 0.019069 0.000120 0.009322
0.040930 0.200341 0.168812 0.112829 0.049791 0.098456 0.214998 0.002553 0.000179 0.111111
0.023996 0.176529 0.335008 0.059846 0.001227 0.002842 0.118439 0.004225 0.000574 0.277314
0.001031 0.000347 0.006019 0.000468 0.000090 0.000170 0.001239 0.012956 0.822484 0.155197
0.130848 0.347254 0.205354 0.168672 0.004904 0.009848 0.047867 0.014448 0.002689 0.068116
0.001708 0.000612 0.159002 0.007766 0.000342 0.013199 0.000566 0.091039 0.005712 0.720056
0.000615 0.000854 0.158339 0.020752 0.000071 0.003907 0.000683 0.014421 0.000295 0.800063
0.000773 0.027868 0.027778 0.130087 0.000218 0.000934 0.679931 0.000265 0.000002 0.132142
0.000584 0.002777 0.012365 0.960935 0.000021 0.000450 0.001265 0.003271 0.000002 0.018329
0.004047 0.001860 0.037740 0.026605 0.015959 0.192566 0.003092 0.554319 0.045165 0.118647
0.021485 0.018564 0.020843 0.859098 0.003772 0.008466 0.005517 0.051787 0.000263 0.010205
0.006393 0.002044 0.071530 0.024913 0.007646 0.150042 0.002962 0.449811 0.071132 0.213527
0.009942 0.009534 0.104487 0.035460 0.043143 0.758804 0.000576 0.009606 0.001058 0.027390
0.000002 0.000004 0.011873 0.000716 0.000000 0.000101 0.000018 0.001539 0.000002 0.985746
0.024707 0.166202 0.078124 0.158091 0.078262 0.105989 0.312768 0.001196 0.000172 0.074490
0.010470 0.001159 0.040028 0.001283 0.000431 0.001720 0.000647 0.020526 0.803547 0.120191
0.002356 0.005116 0.013194 0.022955 0.341284 0.599263 0.001318 0.011312 0.000991 0.002212
0.010500 0.023983 0.019985 0.112820 0.495805 0.313008 0.005719 0.013320 0.000957 0.003903
0.001701 0.000968 0.003456 0.002317 0.000973 0.001168 0.000474 0.015622 0.958597 0.014723
0.000850 0.000259 0.026037 0.017910 0.000393 0.016470 0.000678 0.778481 0.005968 0.152954
0.001266 0.002883 0.015641 0.928846 0.000183 0.002739 0.002141 0.031015 0.000022 0.015264
0.014863 0.009179 0.054586 0.723956 0.001729 0.015183 0.006627 0.123650 0.000502 0.049724
0.004685 0.000424 0.055828 0.001872 0.000335 0.003730 0.001468 0.086399 0.387328 0.457930
0.000634 0.000351 0.015112 0.063156 0.000092 0.002026 0.000825 0.838362 0.002041 0.077399
0.008526 0.004867 0.014367 0.035121 0.006837 0.010623 0.007396 0.118555 0.720845 0.072864
0.006907 0.005285 0.155499 0.033969 0.006834 0.063324 0.003638 0.052687 0.006452 0.665405
0.375363 0.201054 0.056072 0.014382 0.208374 0.116873 0.009743 0.001543 0.006806 0.009791
0.000572 0.000928 0.117961 0.004589 0.000067 0.002098 0.002119 0.001405 0.000045 0.870214
0.000061 0.000016 0.018578 0.001153 0.000004 0.000583 0.000096 0.112775 0.003422 0.863312
0.011011 0.024993 0.403653 0.152326 0.000435 0.004276 0.011947 0.047124 0.002242 0.341992
0.002334 0.004379 0.028430 0.022891 0.049054 0.867588 0.000815 0.004260 0.000543 0.019708
0.000042 0.000136 0.002813 0.010756 0.007191 0.968718 0.000046 0.000282 0.000001 0.010015
0.002472 0.027051 0.034034 0.759702 0.000489 0.002763 0.099092 0.004792 0.000021 0.069585
0.002260 0.002003 0.022563 0.012305 0.055557 0.773577 0.000812 0.099625 0.006119 0.025179
0.031756 0.060354 0.039817 0.189748 0.414714 0.213177 0.019564 0.014540 0.003213 0.013116
0.017367 0.005855 0.494846 0.004525 0.000154 0.001463 0.002860 0.008194 0.006727 0.458009
0.026327 0.055042 0.240956 0.175962 0.005351 0.021503 0.052367 0.156701 0.013156 0.252636
0.000447 0.001727 0.058516 0.494667 0.000138 0.011991 0.001197 0.012947 0.000023 0.418347
0.035108 0.107343 0.095232 0.093715 0.023867 0.029436 0.455570 0.011232 0.002279 0.146219
0.037696 0.417602 0.081207 0.103472 0.001793 0.002394 0.320849 0.003987 0.000468 0.030532
0.000864 0.000892 0.006796 0.016213 0.005913 0.018894 0.002260 0.766363 0.151018 0.030787
0.005308 0.018915 0.023817 0.717099 0.003923 0.020036 0.130974 0.050554 0.000173 0.029201
0.000163 0.000168 0.009398 0.011045 0.006705 0.699259 0.000088 0.248948 0.000458 0.023767
0.003367 0.012714 0.019445 0.234057 0.002375 0.005384 0.017007 0.680132 0.010715 0.014804
0.000317 0.000212 0.002095 0.003309 0.000281 0.000772 0.000506 0.092832 0.874296 0.025381
0.001250 0.034782 0.012176 0.399143 0.001658 0.004203 0.527001 0.000326 0.000002 0.019459
0.000811 0.008403 0.015140 0.006298 0.000083 0.000136 0.854555 0.000028 0.000001 0.114545
0.134754 0.453987 0.113231 0.165219 0.031435 0.027247 0.043187 0.004937 0.001496 0.024507
0.004653 0.004178 0.037998 0.014617 0.049395 0.765907 0.002011 0.035468 0.008380 0.077394
0.017136 0.022198 0.070871 0.052517 0.157017 0.475698 0.009612 0.117529 0.039902 0.037520
0.067622 0.277103 0.271993 0.226130 0.006071 0.012208 0.028226 0.010299 0.001585 0.098764
0.001179 0.002029 0.043413 0.002041 0.000144 0.000822 0.172439 0.000212 0.000013 0.777708
0.023119 0.132188 0.268886 0.363327 0.000521 0.002147 0.043308 0.032269 0.001452 0.132783
0.001734 0.046264 0.031080 0.772876 0.000752 0.003528 0.100804 0.001329 0.000011 0.041622
0.017814 0.001263 0.052045 0.001810 0.005436 0.024820 0.002935 0.058994 0.401838 0.433045
0.000425 0.003088 0.007640 0.006206 0.000132 0.000350 0.891462 0.000015 0.000000 0.090682
0.010219 0.012097 0.196886 0.092433 0.009896 0.097222 0.008519 0.026487 0.002113 0.544128
0.011868 0.073511 0.015240 0.722376 0.026405 0.021275 0.117513 0.005505 0.000057 0.006252
0.048946 0.066919 0.348186 0.137130 0.002771 0.011403 0.019847 0.161977 0.038919 0.163902
0.027198 0.490271 0.082789 0.306809 0.001455 0.001543 0.057652 0.012930 0.002740 0.016614
0.005680 0.014113 0.031424 0.117361 0.225175 0.580761 0.002130 0.013008 0.000892 0.009456
0.009565 0.021577 0.025770 0.159648 0.406894 0.349763 0.005920 0.015242 0.000906 0.004716
0.016908 0.015719 0.090774 0.612253 0.001725 0.010234 0.006882 0.166949 0.001583 0.076974
0.000754 0.001127 0.138837 0.009245 0.000031 0.000566 0.002291 0.019159 0.001143 0.826846
0.026637 0.229876 0.082157 0.386367 0.002362 0.003679 0.187399 0.011990 0.000408 0.069125
0.002257 0.004317 0.022496 0.082082 0.130525 0.678262 0.000764 0.067087 0.001054 0.011154
0.000173 0.000484 0.078617 0.042855 0.000018 0.001819 0.000710 0.016143 0.000090 0.859090
0.052493 0.017460 0.442874 0.004865 0.000358 0.001429 0.009215 0.011319 0.028037 0.431949
0.077051 0.043879 0.090369 0.221107 0.179403 0.221259 0.010103 0.100738 0.026618 0.029475
0.000040 0.000019 0.005272 0.001361 0.000032 0.000984 0.000047 0.890496 0.033182 0.068567
0.005904 0.014452 0.032090 0.350647 0.132525 0.419811 0.009075 0.017697 0.000441 0.017359
0.085377 0.036574 0.214486 0.003502 0.001195 0.001561 0.038608 0.004062 0.021689 0.592944
0.000281 0.000300 0.010848 0.010052 0.000174 0.001518 0.000669 0.805872 0.054724 0.115563
0.020512 0.088111 0.042639 0.750768 0.006785 0.012423 0.048464 0.012235 0.000163 0.017899
0.008875 0.094316 0.111146 0.121897 0.000471 0.001658 0.506572 0.003392 0.000085 0.151587
0.008652 0.015583 0.009459 0.868279 0.022175 0.026976 0.013008 0.031217 0.000104 0.004547
0.027182 0.057029 0.064199 0.729962 0.003919 0.011498 0.024071 0.038108 0.000516 0.043516
0.023697 0.031831 0.073832 0.097000 0.239475 0.502410 0.001640 0.016585 0.002609 0.010922
0.003921 0.001624 0.028107 0.078080 0.003791 0.040019 0.003844 0.756017 0.008312 0.076285
0.006650 0.010538 0.013414 0.018458 0.353499 0.592382 0.001057 0.000794 0.000116 0.003092
0.015331 0.003359 0.025285 0.009931 0.009512 0.032134 0.001684 0.065282 0.788712 0.048769
0.012530 0.007460 0.049350 0.072619 0.001583 0.005701 0.011921 0.193122 0.414328 0.231386
0.003007 0.010317 0.045211 0.779294 0.000120 0.001210 0.008523 0.089468 0.000258 0.062592
0.015295 0.004408 0.020317 0.009919 0.013372 0.027293 0.001555 0.050106 0.824218 0.033516
0.000003 0.000013 0.011318 0.008345 0.000001 0.000760 0.000071 0.000594 0.000000 0.978894
0.004035 0.046430 0.053244 0.801945 0.000585 0.003566 0.037825 0.004281 0.000041 0.048047
0.000336 0.002592 0.005628 0.006160 0.000252 0.000479 0.916500 0.000019 0.000000 0.068032
0.076650 0.070639 0.070630 0.023721 0.265527 0.454443 0.012089 0.001644 0.000362 0.024294
0.000300 0.000463 0.095684 0.066549 0.000024 0.003351 0.000418 0.028370 0.000100 0.804743
0.001894 0.023826 0.016198 0.466954 0.005696 0.017062 0.431860 0.000451 0.000004 0.036057
0.000038 0.000380 0.016738 0.865273 0.000001 0.000105 0.000216 0.014373 0.000003 0.102873
0.000067 0.000157 0.034571 0.016713 0.000019 0.001674 0.000369 0.006556 0.000042 0.939831
0.083127 0.234482 0.119048 0.137761 0.057091 0.090539 0.189831 0.005906 0.000885 0.081330
0.065532 0.492329 0.109596 0.247603 0.007912 0.006240 0.028963 0.012748 0.006969 0.022108
0.103054 0.083727 0.326517 0.261398 0.009597 0.029556 0.005951 0.052709 0.011878 0.115613
0.003396 0.002698 0.028618 0.110908 0.002665 0.019139 0.004229 0.722783 0.008027 0.097537
0.005865 0.003937 0.012995 0.085923 0.020767 0.036278 0.010621 0.787196 0.018461 0.017957
0.010282 0.004243 0.024498 0.265034 0.011273 0.031390 0.004110 0.617758 0.005320 0.026092
0.267831 0.179009 0.047856 0.007850 0.023076 0.008573 0.424666 0.000504 0.000267 0.040368
0.000795 0.002319 0.050201 0.287872 0.003905 0.319571 0.001688 0.002686 0.000016 0.330946
